Eigvals	16
16.012686231674135	16.006542381426375	0.11792654507776498	0.0	0.0	0.0	0.0	0.0	0.0	0.0	0.0	0.0	0.0	0.0	0.0	0.0

Proportion explained	16
0.49826084956369326	0.4980696736423175	0.003669476793989184	0.0	0.0	0.0	0.0	0.0	0.0	0.0	0.0	0.0	0.0	0.0	0.0	0.0

Species	0	0

Site	16	16
Mouse1B.DTT15	-0.1575617172481058	0.0838955020138689	0.014083157479887566	0.0	0.0	0.0	-0.0	0.0	0.0	0.0	0.0	0.0	0.0	0.0	0.0	0.0
Mouse5A.DTT27	-0.979480416349029	0.4040761131112767	0.1437184214339027	-0.0	-0.0	0.0	-0.0	0.0	0.0	0.0	0.0	-0.0	-0.0	-0.0	0.0	0.0
Mouse4A.DTT19	-1.0624817820412233	0.5869594263082202	-0.01266614073245436	0.0	-0.0	-0.0	-0.0	-0.0	0.0	0.0	-0.0	-0.0	0.0	-0.0	-0.0	-0.0
Mouse6A.DTT31	-0.40159281588059265	-1.0298557112572757	0.08927892404391144	0.0	-0.0	0.0	-0.0	0.0	-0.0	-0.0	0.0	-0.0	-0.0	-0.0	0.0	-0.0
Mouse1B.DTT13	0.25298760790617225	-0.4262350277444626	0.0011053424291135126	0.0	-0.0	0.0	-0.0	-0.0	0.0	0.0	0.0	-0.0	0.0	-0.0	0.0	0.0
Mouse4A.DTT21	-1.341369498750515	0.8613071686867761	-0.16660731999251166	0.0	0.0	0.0	-0.0	0.0	0.0	-0.0	0.0	-0.0	-0.0	-0.0	-0.0	-0.0
Mouse5A.DTT25	-1.0767734494715424	0.5078241201425417	-0.004696827281653394	-0.0	0.0	-0.0	-0.0	-0.0	-0.0	-0.0	-0.0	-0.0	-0.0	-0.0	0.0	-0.0
Mouse7A.DTT39	-0.8952439732901568	-0.22706644056316183	0.10160749798979692	-0.0	-0.0	-0.0	0.0	-0.0	-0.0	-0.0	0.0	0.0	0.0	-0.0	-0.0	0.0
Mouse6A.DTT33	-0.936323958869415	-0.38212529198102285	-0.07595764289846044	0.0	-0.0	0.0	-0.0	-0.0	-0.0	-0.0	-0.0	0.0	-0.0	-0.0	0.0	0.0
Mouse7A.DTT37	-0.42170124587396385	-1.9757297763425212	-0.07553507463037698	-0.0	-0.0	-0.0	-0.0	-0.0	-0.0	0.0	0.0	0.0	-0.0	-0.0	-0.0	-0.0
Mouse10A.DTT109	1.8241633445705236	-1.542462586447783	-0.07575415596844509	-0.0	-0.0	-0.0	-0.0	0.0	0.0	-0.0	-0.0	-0.0	0.0	-0.0	0.0	0.0
Mouse9A.DTT99	1.0678393325954953	1.5838623120842197	0.07104504063566705	-0.0	-0.0	0.0	0.0	-0.0	0.0	-0.0	0.0	0.0	0.0	0.0	0.0	-0.0
Mouse9A.DTT97	1.0828189232273129	0.7698693321325341	0.029330479052870142	0.0	0.0	0.0	-0.0	-0.0	-0.0	0.0	-0.0	-0.0	0.0	-0.0	-0.0	-0.0
Mouse10A.DTT111	0.7268694510464205	-0.7321950861829637	-0.02669267987139981	0.0	-0.0	0.0	0.0	-0.0	-0.0	-0.0	-0.0	-0.0	-0.0	0.0	-0.0	0.0
Mouse8A.DTT85	1.110352505737837	-0.2360521663789887	0.10990407066680927	0.0	-0.0	-0.0	-0.0	-0.0	0.0	0.0	0.0	0.0	-0.0	-0.0	0.0	-0.0
Mouse8A.DTT87	1.2074976926907832	1.753928112418743	-0.12216309235664541	0.0	-0.0	-0.0	-0.0	0.0	-0.0	0.0	0.0	0.0	-0.0	-0.0	0.0	0.0

Biplot	0	0

Site constraints	0	0
