Eigvals	17
17.517110879802058	17.17729001027108	0.9321291908450945	0.0	0.0	0.0	0.0	0.0	0.0	0.0	0.0	0.0	0.0	0.0	0.0	0.0	0.0

Proportion explained	17
0.49168725778277006	0.4821488360291178	0.02616390618811199	0.0	0.0	0.0	0.0	0.0	0.0	0.0	0.0	0.0	0.0	0.0	0.0	0.0	0.0

Species	0	0

Site	17	17
TL1a_FP_140	-1.176744444313745	-0.6609954589168947	0.43468746096638666	0.0	0.0	0.0	0.0	0.0	0.0	0.0	0.0	0.0	0.0	0.0	0.0	0.0	0.0
TL1a_FP_206	-1.959416773491254	1.723698501108032	-0.2598016076350177	-0.0	0.0	-0.0	-0.0	-0.0	-0.0	-0.0	-0.0	-0.0	0.0	0.0	0.0	-0.0	-0.0
TL1a_FP_242	0.15771286770502044	1.2120666793007153	-0.10484275558232159	0.0	-0.0	0.0	0.0	-0.0	-0.0	-0.0	0.0	0.0	-0.0	0.0	0.0	0.0	0.0
TL1a_FP_98	-0.2994317808186976	-0.5543938075051532	0.1930404978886916	-0.0	-0.0	-0.0	-0.0	0.0	-0.0	-0.0	-0.0	0.0	-0.0	0.0	-0.0	-0.0	0.0
TL1a_FP_62	-0.4230488319202328	-0.5068820606930061	0.21767393580065098	-0.0	-0.0	0.0	-0.0	-0.0	0.0	-0.0	-0.0	-0.0	0.0	-0.0	0.0	0.0	0.0
TL1a_FP_74	2.3073710284882694	-0.03837384065571793	-0.10603468652729324	0.0	0.0	-0.0	-0.0	-0.0	0.0	-0.0	-0.0	0.0	0.0	-0.0	0.0	0.0	-0.0
TL1a_FP_170	1.1745179356446556	0.039995585714448334	0.09158664886537879	-0.0	-0.0	-0.0	0.0	0.0	-0.0	-0.0	0.0	-0.0	0.0	0.0	-0.0	0.0	-0.0
TL1a_DTT_74	0.5382261873561958	-0.17022397422534716	0.19292434799120284	-0.0	-0.0	0.0	0.0	-0.0	0.0	0.0	-0.0	0.0	0.0	0.0	0.0	-0.0	-0.0
TL1a_DTT_206	-1.0014388156139307	1.0778233915464233	-0.10507076240518054	0.0	-0.0	0.0	-0.0	-0.0	-0.0	0.0	-0.0	0.0	0.0	-0.0	-0.0	0.0	-0.0
TL1a_DTT_62	0.36401442478039747	0.10553068058436464	0.2387584174506315	0.0	-0.0	-0.0	-0.0	-0.0	0.0	0.0	0.0	0.0	-0.0	0.0	0.0	0.0	0.0
TL1a_DTT_242	0.982631809126038	2.1467582969752717	-0.09127677498662512	0.0	0.0	0.0	0.0	0.0	0.0	0.0	-0.0	-0.0	-0.0	-0.0	0.0	0.0	0.0
TL1a_DTT_140	-1.2225989654704352	-0.3415464717349594	-0.016302189472629392	-0.0	-0.0	0.0	0.0	0.0	0.0	-0.0	0.0	0.0	0.0	-0.0	0.0	0.0	-0.0
TL1a_DTT_98	-0.4223003839216386	-0.3584038009729657	0.1355048502783185	0.0	-0.0	-0.0	0.0	-0.0	-0.0	0.0	-0.0	0.0	-0.0	0.0	0.0	-0.0	-0.0
TL1a_DTT_170	1.0531011026428232	0.3908113006559284	0.1819932617534465	-0.0	-0.0	-0.0	0.0	0.0	-0.0	0.0	0.0	0.0	0.0	-0.0	0.0	0.0	-0.0
TL1A_FP_638	0.11111118055072165	-1.259397598438063	-0.3555162938960317	-0.0	0.0	0.0	0.0	-0.0	-0.0	-0.0	-0.0	-0.0	-0.0	-0.0	0.0	0.0	-0.0
TL1A_FP_686	-0.3088168386772084	-1.390222043272188	-0.15167778382720484	0.0	-0.0	0.0	-0.0	0.0	-0.0	0.0	-0.0	0.0	0.0	0.0	0.0	0.0	0.0
TL1A_DTT_638	0.12511029793301856	-1.4162453794708907	-0.495646566662403	-0.0	-0.0	-0.0	0.0	-0.0	0.0	0.0	0.0	0.0	0.0	0.0	0.0	0.0	0.0

Biplot	0	0

Site constraints	0	0
