Eigvals	16
16.012040482555975	16.006646378732828	0.0880048900128298	0.0	0.0	0.0	0.0	0.0	0.0	0.0	0.0	0.0	0.0	0.0	0.0	0.0

Proportion explained	16
0.49871349582153174	0.49854549022740424	0.002741013951064018	0.0	0.0	0.0	0.0	0.0	0.0	0.0	0.0	0.0	0.0	0.0	0.0	0.0

Species	0	0

Site	16	16
Mouse4A.DTT19	-1.0875414847519076	0.5049118847384718	0.03129441695344488	0.0	0.0	0.0	0.0	0.0	0.0	0.0	0.0	0.0	0.0	0.0	0.0	0.0
Mouse7A.DTT38	-0.6377901989437899	0.5768129535505959	0.016800389054837873	-0.0	-0.0	0.0	-0.0	-0.0	0.0	-0.0	0.0	-0.0	-0.0	0.0	-0.0	-0.0
Mouse6A.DTT31	0.028486106995791897	0.7970695399069353	-0.10389968896859894	0.0	0.0	-0.0	-0.0	-0.0	-0.0	0.0	-0.0	0.0	-0.0	0.0	0.0	-0.0
Mouse1B.DTT14	-0.5021664246111748	-0.47906422262145315	0.030801327949464125	0.0	0.0	0.0	0.0	-0.0	0.0	0.0	0.0	-0.0	-0.0	0.0	0.0	-0.0
Mouse1B.DTT13	0.2604779424246929	0.01181433501915905	0.026122639151505398	0.0	0.0	-0.0	0.0	-0.0	0.0	0.0	-0.0	-0.0	-0.0	-0.0	0.0	-0.0
Mouse5A.DTT26	-0.5661989161745031	0.8726189418275957	-0.14237710802717873	0.0	-0.0	-0.0	0.0	0.0	0.0	0.0	0.0	-0.0	-0.0	-0.0	0.0	-0.0
Mouse5A.DTT25	-1.1996087261799193	0.2513574756660017	0.008006098875089069	-0.0	0.0	-0.0	-0.0	0.0	0.0	-0.0	0.0	0.0	-0.0	-0.0	0.0	-0.0
Mouse4A.DTT20	-1.4750136498218938	0.4733262287870241	0.08179478520804667	0.0	-0.0	-0.0	0.0	-0.0	0.0	0.0	-0.0	-0.0	0.0	-0.0	0.0	-0.0
Mouse6A.DTT32	-0.2811705037721795	0.7325623948764856	0.02957850411485567	-0.0	-0.0	0.0	-0.0	0.0	-0.0	-0.0	-0.0	0.0	-0.0	0.0	0.0	0.0
Mouse7A.DTT37	0.850985823329792	1.6739256508833051	0.08387661818041592	0.0	-0.0	0.0	-0.0	-0.0	-0.0	-0.0	0.0	0.0	-0.0	-0.0	-0.0	-0.0
Mouse9A.DTT98	-0.9244396002680796	-2.5581027853613527	0.005145536267104648	0.0	-0.0	0.0	-0.0	0.0	-0.0	0.0	-0.0	0.0	-0.0	-0.0	-0.0	-0.0
Mouse10A.DTT109	2.218901768706381	-0.10696964104501021	0.0903163886236104	0.0	-0.0	-0.0	0.0	0.0	0.0	0.0	-0.0	0.0	0.0	0.0	-0.0	-0.0
Mouse10A.DTT110	1.2608023047111785	0.23129139713756672	-0.07983445111412837	0.0	-0.0	0.0	-0.0	0.0	0.0	-0.0	-0.0	-0.0	0.0	-0.0	0.0	0.0
Mouse9A.DTT97	0.06870842066413636	-1.5248634509498935	-0.049455481804716206	0.0	0.0	-0.0	0.0	-0.0	-0.0	-0.0	-0.0	0.0	0.0	0.0	0.0	-0.0
Mouse8A.DTT85	1.0913981415268528	-0.43537108592077556	-0.1189216506361617	-0.0	-0.0	0.0	0.0	-0.0	0.0	-0.0	-0.0	0.0	-0.0	-0.0	0.0	0.0
Mouse8A.DTT86	0.8941689961646194	-1.0213196164946552	0.09075167617242066	-0.0	-0.0	-0.0	-0.0	-0.0	-0.0	0.0	0.0	-0.0	-0.0	-0.0	0.0	0.0

Biplot	0	0

Site constraints	0	0
