Eigvals	15
15.306198407603699	15.055739079770825	0.39872818759332757	0.0	0.0	0.0	0.0	0.0	0.0	0.0	0.0	0.0	0.0	0.0	0.0

Proportion explained	15
0.49758996015679346	0.48944776549561975	0.012962274347586733	0.0	0.0	0.0	0.0	0.0	0.0	0.0	0.0	0.0	0.0	0.0	0.0

Species	0	0

Site	15	15
TL1a_DTT_169_Re_extracted	3.288592155349995	0.6952624560038427	0.03789021500152235	-0.0	0.0	0.0	0.0	0.0	0.0	0.0	0.0	0.0	0.0	0.0	-0.0
TL1a_DTT_139	-0.43275243385755985	-0.49952717286498044	-0.1084061948420662	-0.0	0.0	0.0	-0.0	-0.0	0.0	0.0	-0.0	-0.0	-0.0	-0.0	-0.0
TL1a_DTT_171	0.3260561518309678	-0.4368744108319904	-0.19649930264052554	0.0	-0.0	-0.0	-0.0	0.0	-0.0	0.0	-0.0	-0.0	0.0	0.0	-0.0
TL1a_DTT_141	-0.45687859422802557	-0.7145907083972898	-0.09775489277681741	0.0	-0.0	0.0	-0.0	0.0	0.0	-0.0	0.0	0.0	0.0	-0.0	-0.0
TL1a_DTT_241	0.5309720031598031	0.9402120838652681	0.007263894752758645	0.0	0.0	0.0	-0.0	0.0	0.0	0.0	-0.0	0.0	-0.0	0.0	0.0
TL1a_DTT_243	-0.15827403024197423	0.8239650668709793	-0.1360122280733969	0.0	0.0	-0.0	0.0	-0.0	0.0	0.0	-0.0	-0.0	-0.0	-0.0	-0.0
TL1a_DTT_205	-1.2982303489881497	2.1895456464500613	0.11191962357238605	0.0	-0.0	0.0	0.0	0.0	-0.0	-0.0	0.0	-0.0	-0.0	0.0	-0.0
TL1a_DTT_73	-0.2514531223705455	-0.6555469235883827	-0.01051067340097348	-0.0	-0.0	0.0	0.0	0.0	0.0	0.0	0.0	-0.0	-0.0	-0.0	-0.0
TL1a_DTT_63	-0.0861962654680384	-0.7364853961619142	-0.08249919479350615	0.0	-0.0	0.0	0.0	-0.0	-0.0	0.0	-0.0	0.0	0.0	0.0	-0.0
TL1a_DTT_207	-0.520235894681323	1.867705168517571	0.05068356635708277	-0.0	-0.0	0.0	-0.0	-0.0	0.0	0.0	0.0	-0.0	0.0	-0.0	0.0
TL1a_DTT_75	0.2506524209722083	-0.6598335073542226	-0.0024981184224442334	0.0	-0.0	0.0	0.0	0.0	0.0	-0.0	-0.0	-0.0	0.0	-0.0	-0.0
TL1a_DTT_97	-0.5141543071257789	-0.3841275138799384	0.12965552209035544	0.0	0.0	-0.0	0.0	0.0	-0.0	0.0	-0.0	0.0	0.0	0.0	-0.0
TL1a_DTT_99	-0.6262419911707354	-0.4278154551064973	-0.2972826251649261	-0.0	0.0	-0.0	0.0	-0.0	0.0	-0.0	0.0	-0.0	0.0	0.0	-0.0
TL1A_DTT_639	-0.7095366965974341	-1.131481085400226	0.3841096898085116	-0.0	-0.0	-0.0	-0.0	0.0	0.0	0.0	-0.0	0.0	-0.0	-0.0	-0.0
TL1A_DTT_687	0.6576809534165915	-0.8704082481222838	0.20994071853203877	0.0	0.0	-0.0	0.0	-0.0	0.0	0.0	0.0	-0.0	0.0	0.0	0.0

Biplot	0	0

Site constraints	0	0
