Eigvals	17
17.097202641064015	17.013599434380097	0.39081960037571123	0.0	0.0	0.0	0.0	0.0	0.0	0.0	0.0	0.0	0.0	0.0	0.0	0.0	0.0

Proportion explained	17
0.49554779777341446	0.49312463032147663	0.01132757190510885	0.0	0.0	0.0	0.0	0.0	0.0	0.0	0.0	0.0	0.0	0.0	0.0	0.0	0.0

Species	0	0

Site	17	17
TL1a_DTT_171	-0.557505095884538	0.8277389653730294	0.05711977795045583	0.0	-0.0	0.0	0.0	0.0	0.0	0.0	0.0	0.0	0.0	0.0	0.0	0.0	0.0
TL1a_DTT_74	-0.373630519307957	0.3729185295024844	-0.19568386026738155	0.0	-0.0	0.0	-0.0	0.0	-0.0	-0.0	0.0	-0.0	-0.0	-0.0	-0.0	-0.0	-0.0
TL1a_DTT_141	0.2068327769348758	0.412031774346323	-0.2735334647508131	0.0	-0.0	0.0	0.0	0.0	0.0	-0.0	0.0	-0.0	0.0	-0.0	0.0	-0.0	-0.0
TL1a_DTT_243	-0.746225729735467	-1.3305034026815312	-0.0007538780644639778	-0.0	-0.0	-0.0	0.0	-0.0	-0.0	0.0	0.0	-0.0	0.0	-0.0	0.0	-0.0	0.0
TL1a_DTT_206	0.038870166584440334	-1.1359527059916237	-0.05961743433792585	0.0	-0.0	-0.0	-0.0	0.0	0.0	-0.0	-0.0	0.0	-0.0	0.0	0.0	-0.0	0.0
TL1a_DTT_62	-1.1864630744584799	1.0649974865203304	0.010475375537682066	-0.0	-0.0	-0.0	0.0	-0.0	-0.0	-0.0	-0.0	-0.0	0.0	-0.0	-0.0	-0.0	-0.0
TL1a_DTT_242	-1.4636089415838867	-0.9714898415349331	0.15426160814994141	-0.0	-0.0	0.0	-0.0	-0.0	0.0	0.0	0.0	0.0	0.0	-0.0	-0.0	-0.0	-0.0
TL1a_DTT_63	-0.3425232071891585	1.0438212594571727	-0.013877659155335393	0.0	0.0	-0.0	-0.0	-0.0	0.0	0.0	-0.0	-0.0	0.0	0.0	0.0	-0.0	0.0
TL1a_DTT_207	-0.36774230099004196	-2.6178823233041406	0.12260357256614914	0.0	-0.0	-0.0	0.0	0.0	-0.0	0.0	-0.0	-0.0	-0.0	0.0	-0.0	0.0	-0.0
TL1a_DTT_75	-0.15369844057464002	0.9454587751406547	0.062330510042188106	-0.0	-0.0	-0.0	0.0	0.0	-0.0	0.0	-0.0	0.0	0.0	-0.0	0.0	-0.0	-0.0
TL1a_DTT_140	-0.7825160762255029	0.7974645756850175	0.11311574319729292	0.0	0.0	-0.0	-0.0	-0.0	0.0	0.0	0.0	0.0	-0.0	0.0	0.0	0.0	-0.0
TL1a_DTT_99	0.7524353220569311	-0.7026020878059867	-0.3478416414272869	-0.0	0.0	-0.0	-0.0	-0.0	0.0	0.0	-0.0	-0.0	-0.0	-0.0	-0.0	0.0	-0.0
TL1a_DTT_98	-0.2744950919007068	0.7360174872527177	0.03124887068378517	0.0	-0.0	-0.0	-0.0	0.0	-0.0	-0.0	0.0	0.0	0.0	0.0	-0.0	-0.0	0.0
TL1a_DTT_170	-0.29903476307088045	0.1421287978365805	-0.066625443189781	0.0	-0.0	-0.0	0.0	-0.0	0.0	0.0	-0.0	0.0	-0.0	0.0	-0.0	-0.0	0.0
TL1A_DTT_638	1.8002068572971643	0.20940874270584806	0.24174601580148897	0.0	0.0	-0.0	-0.0	-0.0	0.0	-0.0	0.0	-0.0	-0.0	-0.0	-0.0	0.0	0.0
TL1A_DTT_639	2.4257972568184765	-0.2759368750144065	-0.008616856155868248	-0.0	-0.0	-0.0	-0.0	-0.0	-0.0	0.0	-0.0	0.0	0.0	0.0	0.0	-0.0	-0.0
TL1A_DTT_687	1.3233008612293693	0.4823808425124662	0.1736487634198652	-0.0	0.0	-0.0	0.0	0.0	0.0	-0.0	0.0	-0.0	-0.0	0.0	0.0	0.0	-0.0

Biplot	0	0

Site constraints	0	0
