Eigvals	96
97.87570943801323	96.35893767005544	14.67084383087997	0.0	0.0	0.0	0.0	0.0	0.0	0.0	0.0	0.0	0.0	0.0	0.0	0.0	0.0	0.0	0.0	0.0	0.0	0.0	0.0	0.0	0.0	0.0	0.0	0.0	0.0	0.0	0.0	0.0	0.0	0.0	0.0	0.0	0.0	0.0	0.0	0.0	0.0	0.0	0.0	0.0	0.0	0.0	0.0	0.0	0.0	0.0	0.0	0.0	0.0	0.0	0.0	0.0	0.0	0.0	0.0	0.0	0.0	0.0	0.0	0.0	0.0	0.0	0.0	0.0	0.0	0.0	0.0	0.0	0.0	0.0	0.0	0.0	0.0	0.0	0.0	0.0	0.0	0.0	0.0	0.0	0.0	0.0	0.0	0.0	0.0	0.0	0.0	0.0	0.0	0.0	0.0	0.0

Proportion explained	96
0.46851669143831565	0.4612561270503692	0.07022718151131527	0.0	0.0	0.0	0.0	0.0	0.0	0.0	0.0	0.0	0.0	0.0	0.0	0.0	0.0	0.0	0.0	0.0	0.0	0.0	0.0	0.0	0.0	0.0	0.0	0.0	0.0	0.0	0.0	0.0	0.0	0.0	0.0	0.0	0.0	0.0	0.0	0.0	0.0	0.0	0.0	0.0	0.0	0.0	0.0	0.0	0.0	0.0	0.0	0.0	0.0	0.0	0.0	0.0	0.0	0.0	0.0	0.0	0.0	0.0	0.0	0.0	0.0	0.0	0.0	0.0	0.0	0.0	0.0	0.0	0.0	0.0	0.0	0.0	0.0	0.0	0.0	0.0	0.0	0.0	0.0	0.0	0.0	0.0	0.0	0.0	0.0	0.0	0.0	0.0	0.0	0.0	0.0	0.0

Species	0	0

Site	96	96
TL1a_FP_162	3.298619524471183	0.8052939777581228	-0.2678639695500966	0.0	0.0	0.0	0.0	0.0	0.0	0.0	0.0	0.0	0.0	0.0	0.0	0.0	0.0	0.0	0.0	0.0	0.0	0.0	0.0	0.0	0.0	0.0	0.0	0.0	0.0	0.0	0.0	0.0	0.0	0.0	0.0	0.0	0.0	0.0	0.0	0.0	0.0	0.0	0.0	0.0	0.0	0.0	0.0	0.0	0.0	0.0	0.0	0.0	0.0	0.0	0.0	0.0	0.0	0.0	0.0	0.0	0.0	0.0	0.0	0.0	0.0	0.0	0.0	0.0	0.0	0.0	0.0	-0.0	0.0	0.0	0.0	0.0	0.0	0.0	0.0	0.0	0.0	0.0	0.0	0.0	0.0	0.0	0.0	0.0	0.0	0.0	0.0	0.0	0.0	0.0	0.0	0.0
TL1a_FP_88	-1.058473584875755	-0.5398033460337346	0.14641618222958422	0.0	0.0	0.0	0.0	-0.0	-0.0	0.0	-0.0	0.0	-0.0	-0.0	0.0	0.0	-0.0	-0.0	0.0	-0.0	0.0	-0.0	-0.0	-0.0	-0.0	-0.0	-0.0	0.0	-0.0	0.0	0.0	0.0	0.0	0.0	-0.0	0.0	0.0	0.0	0.0	0.0	-0.0	-0.0	0.0	-0.0	-0.0	-0.0	-0.0	0.0	-0.0	-0.0	-0.0	-0.0	-0.0	-0.0	0.0	0.0	-0.0	0.0	0.0	-0.0	-0.0	-0.0	0.0	0.0	-0.0	-0.0	-0.0	-0.0	0.0	0.0	-0.0	-0.0	-0.0	0.0	-0.0	0.0	-0.0	-0.0	-0.0	0.0	-0.0	-0.0	0.0	0.0	0.0	0.0	0.0	-0.0	-0.0	0.0	0.0	-0.0	-0.0	0.0	-0.0	-0.0
TL1a_FP_230	-1.1811388080389327	-0.8106195398689378	-0.12238292068208398	-0.0	-0.0	0.0	-0.0	0.0	-0.0	-0.0	-0.0	0.0	0.0	-0.0	-0.0	0.0	0.0	0.0	-0.0	0.0	0.0	-0.0	-0.0	-0.0	-0.0	0.0	0.0	-0.0	-0.0	0.0	-0.0	0.0	0.0	-0.0	0.0	0.0	0.0	-0.0	0.0	-0.0	-0.0	0.0	0.0	0.0	0.0	0.0	-0.0	0.0	0.0	-0.0	-0.0	-0.0	0.0	-0.0	0.0	0.0	0.0	0.0	0.0	0.0	0.0	0.0	-0.0	0.0	0.0	-0.0	-0.0	0.0	0.0	0.0	0.0	-0.0	0.0	0.0	-0.0	0.0	0.0	-0.0	0.0	0.0	-0.0	-0.0	-0.0	0.0	-0.0	0.0	0.0	0.0	-0.0	0.0	0.0	-0.0	0.0	-0.0	0.0	-0.0
TL1a_FP_89	2.7515440349907627	0.33052820839670105	-1.6441910228474466	0.0	-0.0	0.0	-0.0	-0.0	0.0	-0.0	-0.0	0.0	0.0	0.0	-0.0	0.0	0.0	0.0	-0.0	0.0	-0.0	-0.0	-0.0	-0.0	-0.0	0.0	-0.0	-0.0	0.0	-0.0	0.0	0.0	-0.0	-0.0	0.0	0.0	0.0	-0.0	-0.0	-0.0	-0.0	0.0	0.0	0.0	0.0	0.0	0.0	0.0	0.0	0.0	-0.0	-0.0	0.0	-0.0	-0.0	-0.0	0.0	-0.0	0.0	0.0	0.0	0.0	-0.0	0.0	0.0	0.0	0.0	-0.0	0.0	-0.0	-0.0	-0.0	0.0	-0.0	-0.0	-0.0	0.0	-0.0	0.0	-0.0	-0.0	0.0	-0.0	0.0	0.0	0.0	0.0	0.0	0.0	0.0	0.0	-0.0	0.0	-0.0	0.0	-0.0
TL1a_FP_234	-0.09511530210935781	-2.1201689626722944	0.4569109918546271	0.0	0.0	0.0	-0.0	0.0	-0.0	0.0	-0.0	-0.0	-0.0	0.0	-0.0	0.0	0.0	0.0	-0.0	0.0	0.0	0.0	0.0	0.0	-0.0	0.0	0.0	-0.0	-0.0	0.0	0.0	-0.0	0.0	-0.0	0.0	0.0	0.0	0.0	-0.0	-0.0	-0.0	-0.0	0.0	0.0	-0.0	-0.0	-0.0	-0.0	0.0	0.0	0.0	-0.0	-0.0	-0.0	-0.0	0.0	0.0	0.0	0.0	-0.0	0.0	-0.0	0.0	-0.0	0.0	0.0	0.0	-0.0	-0.0	-0.0	-0.0	-0.0	0.0	-0.0	0.0	0.0	-0.0	-0.0	0.0	0.0	-0.0	-0.0	0.0	-0.0	-0.0	-0.0	0.0	-0.0	-0.0	0.0	-0.0	0.0	0.0	0.0	-0.0	0.0
TL1a_FP_128	-0.8338636523378702	2.1294552162757867	-0.14000308693159558	0.0	0.0	-0.0	-0.0	-0.0	0.0	0.0	0.0	-0.0	0.0	0.0	-0.0	0.0	-0.0	-0.0	-0.0	-0.0	-0.0	0.0	0.0	-0.0	0.0	0.0	-0.0	-0.0	-0.0	0.0	0.0	0.0	0.0	0.0	0.0	-0.0	-0.0	-0.0	-0.0	0.0	-0.0	0.0	-0.0	-0.0	-0.0	0.0	0.0	-0.0	-0.0	-0.0	-0.0	-0.0	0.0	-0.0	-0.0	0.0	-0.0	-0.0	0.0	-0.0	-0.0	-0.0	0.0	0.0	-0.0	0.0	-0.0	-0.0	-0.0	-0.0	0.0	-0.0	0.0	0.0	-0.0	-0.0	-0.0	-0.0	0.0	0.0	0.0	-0.0	-0.0	-0.0	0.0	0.0	-0.0	0.0	0.0	-0.0	-0.0	-0.0	-0.0	-0.0	-0.0	0.0
TL1a_DTT_268_Repeat	0.7046238603235497	-0.4919976823025245	0.20876745926568205	0.0	-0.0	-0.0	0.0	0.0	-0.0	-0.0	-0.0	-0.0	-0.0	-0.0	-0.0	-0.0	0.0	-0.0	0.0	-0.0	0.0	0.0	0.0	0.0	-0.0	-0.0	0.0	0.0	-0.0	-0.0	-0.0	0.0	0.0	-0.0	-0.0	0.0	0.0	0.0	-0.0	0.0	-0.0	-0.0	-0.0	-0.0	-0.0	-0.0	-0.0	-0.0	-0.0	-0.0	0.0	0.0	0.0	0.0	-0.0	-0.0	0.0	0.0	-0.0	0.0	-0.0	-0.0	0.0	0.0	0.0	-0.0	0.0	-0.0	-0.0	0.0	0.0	-0.0	0.0	0.0	-0.0	-0.0	-0.0	-0.0	-0.0	-0.0	-0.0	-0.0	-0.0	-0.0	0.0	-0.0	0.0	0.0	-0.0	0.0	0.0	0.0	-0.0	0.0	0.0	-0.0
TL1a_FP_129	-0.7615620562667604	1.645514617556136	-0.03966438457773465	0.0	0.0	0.0	0.0	-0.0	0.0	0.0	-0.0	0.0	0.0	-0.0	0.0	-0.0	-0.0	0.0	-0.0	0.0	-0.0	0.0	-0.0	-0.0	-0.0	0.0	-0.0	0.0	-0.0	0.0	0.0	-0.0	0.0	-0.0	0.0	-0.0	-0.0	-0.0	0.0	0.0	-0.0	0.0	-0.0	-0.0	-0.0	0.0	0.0	-0.0	0.0	-0.0	0.0	0.0	0.0	0.0	0.0	-0.0	0.0	0.0	-0.0	0.0	-0.0	0.0	-0.0	-0.0	0.0	0.0	-0.0	-0.0	-0.0	0.0	0.0	-0.0	0.0	-0.0	-0.0	-0.0	-0.0	-0.0	-0.0	0.0	-0.0	-0.0	0.0	-0.0	0.0	-0.0	0.0	0.0	0.0	0.0	0.0	0.0	0.0	0.0	-0.0	-0.0
TL1a_FP_287	0.25037143837971537	0.09491271973703595	0.4537163916444948	0.0	-0.0	-0.0	0.0	0.0	-0.0	-0.0	-0.0	-0.0	0.0	-0.0	-0.0	-0.0	0.0	0.0	-0.0	0.0	0.0	-0.0	0.0	0.0	-0.0	0.0	-0.0	0.0	0.0	-0.0	-0.0	0.0	0.0	0.0	-0.0	0.0	-0.0	-0.0	-0.0	-0.0	0.0	-0.0	0.0	0.0	-0.0	-0.0	0.0	0.0	0.0	0.0	0.0	-0.0	-0.0	-0.0	0.0	-0.0	0.0	0.0	-0.0	-0.0	0.0	0.0	-0.0	-0.0	-0.0	0.0	-0.0	-0.0	0.0	0.0	0.0	-0.0	-0.0	0.0	-0.0	0.0	-0.0	0.0	-0.0	0.0	-0.0	-0.0	-0.0	0.0	-0.0	0.0	-0.0	0.0	-0.0	-0.0	-0.0	0.0	-0.0	0.0	0.0	-0.0
TL1a_FP_86	-1.439448799266619	-0.6892753721022191	0.0020209073678788656	0.0	0.0	-0.0	0.0	0.0	-0.0	0.0	0.0	0.0	0.0	0.0	-0.0	-0.0	0.0	-0.0	-0.0	0.0	-0.0	-0.0	0.0	0.0	0.0	-0.0	-0.0	-0.0	-0.0	0.0	-0.0	0.0	0.0	-0.0	-0.0	0.0	-0.0	0.0	-0.0	-0.0	0.0	-0.0	-0.0	0.0	0.0	0.0	-0.0	-0.0	0.0	0.0	0.0	-0.0	-0.0	-0.0	-0.0	-0.0	-0.0	-0.0	0.0	0.0	-0.0	0.0	0.0	0.0	-0.0	-0.0	-0.0	0.0	0.0	0.0	-0.0	-0.0	0.0	0.0	-0.0	0.0	-0.0	-0.0	0.0	-0.0	0.0	-0.0	-0.0	0.0	-0.0	-0.0	-0.0	0.0	0.0	0.0	-0.0	0.0	0.0	-0.0	-0.0	-0.0
TL1a_FP_198	1.6074019342316515	0.22526794679703907	0.5281499687620931	0.0	0.0	0.0	0.0	-0.0	-0.0	0.0	0.0	-0.0	0.0	-0.0	0.0	0.0	-0.0	-0.0	-0.0	0.0	0.0	-0.0	0.0	-0.0	0.0	-0.0	0.0	0.0	0.0	-0.0	-0.0	0.0	-0.0	-0.0	0.0	-0.0	0.0	0.0	-0.0	-0.0	0.0	-0.0	0.0	-0.0	-0.0	-0.0	-0.0	-0.0	0.0	0.0	0.0	-0.0	-0.0	-0.0	0.0	0.0	-0.0	0.0	0.0	0.0	0.0	-0.0	-0.0	0.0	-0.0	-0.0	-0.0	0.0	-0.0	-0.0	-0.0	-0.0	-0.0	0.0	-0.0	0.0	0.0	0.0	0.0	-0.0	0.0	-0.0	0.0	0.0	-0.0	0.0	-0.0	-0.0	-0.0	-0.0	-0.0	-0.0	-0.0	-0.0	-0.0	0.0
TL1a_FP_161	2.6597788091582975	0.4018461907961983	-0.2447368905497881	0.0	-0.0	-0.0	-0.0	-0.0	0.0	0.0	-0.0	-0.0	0.0	0.0	-0.0	0.0	-0.0	-0.0	-0.0	-0.0	0.0	-0.0	0.0	0.0	0.0	0.0	-0.0	0.0	-0.0	-0.0	-0.0	-0.0	0.0	-0.0	0.0	-0.0	0.0	-0.0	0.0	0.0	-0.0	0.0	0.0	-0.0	0.0	0.0	-0.0	-0.0	0.0	-0.0	0.0	-0.0	-0.0	-0.0	-0.0	0.0	-0.0	0.0	-0.0	-0.0	-0.0	0.0	0.0	0.0	-0.0	-0.0	-0.0	0.0	-0.0	-0.0	-0.0	-0.0	0.0	-0.0	0.0	0.0	0.0	0.0	-0.0	-0.0	-0.0	-0.0	-0.0	0.0	-0.0	0.0	-0.0	-0.0	-0.0	-0.0	-0.0	0.0	-0.0	-0.0	-0.0	-0.0
TL1a_FP_266	0.04306099141734578	0.6727894438242809	0.47100744365018343	-0.0	0.0	0.0	0.0	-0.0	0.0	-0.0	0.0	0.0	-0.0	0.0	-0.0	-0.0	-0.0	0.0	-0.0	-0.0	-0.0	-0.0	-0.0	0.0	-0.0	-0.0	0.0	-0.0	0.0	0.0	-0.0	0.0	-0.0	0.0	0.0	0.0	0.0	-0.0	0.0	0.0	-0.0	0.0	-0.0	0.0	-0.0	0.0	0.0	0.0	-0.0	-0.0	0.0	0.0	-0.0	0.0	-0.0	-0.0	0.0	0.0	-0.0	0.0	-0.0	0.0	-0.0	0.0	-0.0	-0.0	0.0	-0.0	-0.0	0.0	0.0	-0.0	0.0	-0.0	0.0	0.0	0.0	0.0	0.0	0.0	0.0	0.0	0.0	-0.0	-0.0	0.0	0.0	-0.0	0.0	0.0	0.0	0.0	-0.0	-0.0	-0.0	-0.0
TL1a_FP_197	1.3758041966891392	0.2161555177949707	0.7686470584231784	-0.0	0.0	-0.0	0.0	0.0	0.0	-0.0	-0.0	-0.0	0.0	-0.0	0.0	0.0	0.0	0.0	-0.0	-0.0	-0.0	-0.0	0.0	-0.0	-0.0	-0.0	-0.0	0.0	-0.0	0.0	0.0	-0.0	0.0	0.0	-0.0	-0.0	-0.0	0.0	-0.0	-0.0	-0.0	0.0	-0.0	0.0	0.0	-0.0	-0.0	-0.0	0.0	-0.0	-0.0	0.0	-0.0	0.0	0.0	0.0	-0.0	-0.0	0.0	0.0	0.0	-0.0	-0.0	-0.0	-0.0	0.0	0.0	0.0	0.0	0.0	-0.0	-0.0	-0.0	-0.0	-0.0	0.0	0.0	-0.0	-0.0	-0.0	0.0	0.0	-0.0	0.0	-0.0	-0.0	0.0	0.0	0.0	0.0	-0.0	0.0	0.0	0.0	0.0	-0.0
TL1a_FP_159	-0.7317937506445177	1.4894126576907092	-0.22098513577208015	-0.0	0.0	-0.0	0.0	-0.0	0.0	0.0	-0.0	0.0	-0.0	0.0	0.0	-0.0	0.0	-0.0	-0.0	-0.0	0.0	0.0	0.0	0.0	0.0	-0.0	0.0	0.0	0.0	-0.0	0.0	-0.0	0.0	0.0	0.0	0.0	0.0	0.0	0.0	-0.0	-0.0	0.0	-0.0	-0.0	0.0	-0.0	-0.0	-0.0	0.0	-0.0	0.0	-0.0	0.0	0.0	-0.0	-0.0	0.0	-0.0	-0.0	-0.0	0.0	-0.0	0.0	0.0	0.0	-0.0	-0.0	-0.0	0.0	0.0	0.0	-0.0	-0.0	-0.0	-0.0	-0.0	-0.0	-0.0	0.0	-0.0	0.0	-0.0	0.0	0.0	-0.0	-0.0	-0.0	0.0	0.0	0.0	0.0	0.0	-0.0	0.0	0.0	-0.0
TL1a_FP_132	-0.3751134070858498	1.759041885610412	0.15705891050357973	-0.0	-0.0	0.0	-0.0	0.0	-0.0	-0.0	0.0	0.0	0.0	0.0	-0.0	-0.0	-0.0	0.0	0.0	-0.0	-0.0	0.0	-0.0	0.0	-0.0	0.0	0.0	0.0	-0.0	-0.0	0.0	-0.0	-0.0	-0.0	0.0	-0.0	-0.0	-0.0	-0.0	-0.0	0.0	-0.0	-0.0	0.0	0.0	0.0	-0.0	0.0	0.0	-0.0	-0.0	0.0	-0.0	0.0	0.0	-0.0	-0.0	-0.0	-0.0	0.0	-0.0	-0.0	0.0	-0.0	-0.0	-0.0	-0.0	-0.0	0.0	-0.0	0.0	-0.0	-0.0	-0.0	0.0	-0.0	0.0	-0.0	0.0	0.0	-0.0	-0.0	-0.0	-0.0	0.0	-0.0	-0.0	0.0	-0.0	0.0	0.0	0.0	-0.0	0.0	0.0	0.0
TL1a_FP_130	2.004770374966025	0.10038719997440555	-0.11665711418726574	-0.0	0.0	0.0	0.0	-0.0	-0.0	-0.0	0.0	0.0	0.0	-0.0	0.0	-0.0	0.0	0.0	-0.0	-0.0	0.0	0.0	0.0	-0.0	-0.0	0.0	0.0	-0.0	-0.0	-0.0	-0.0	-0.0	0.0	0.0	-0.0	0.0	0.0	-0.0	0.0	0.0	0.0	-0.0	-0.0	-0.0	0.0	0.0	0.0	-0.0	-0.0	0.0	0.0	0.0	0.0	0.0	0.0	-0.0	0.0	-0.0	-0.0	-0.0	-0.0	0.0	-0.0	-0.0	0.0	-0.0	0.0	0.0	0.0	0.0	-0.0	0.0	-0.0	-0.0	-0.0	0.0	-0.0	-0.0	0.0	0.0	-0.0	0.0	0.0	0.0	-0.0	-0.0	0.0	-0.0	0.0	-0.0	-0.0	0.0	-0.0	-0.0	0.0	-0.0
TL1a_DTT_269_Repeat	0.9342793541093537	-1.0247523342607048	-0.5297659168564982	0.0	-0.0	-0.0	0.0	-0.0	-0.0	0.0	-0.0	-0.0	-0.0	0.0	0.0	-0.0	-0.0	0.0	0.0	-0.0	-0.0	0.0	0.0	0.0	0.0	-0.0	0.0	-0.0	-0.0	-0.0	-0.0	-0.0	-0.0	-0.0	0.0	-0.0	-0.0	-0.0	-0.0	0.0	-0.0	0.0	0.0	0.0	-0.0	0.0	0.0	-0.0	-0.0	-0.0	0.0	0.0	0.0	-0.0	0.0	-0.0	-0.0	0.0	-0.0	0.0	0.0	-0.0	0.0	-0.0	0.0	0.0	-0.0	0.0	0.0	-0.0	-0.0	-0.0	-0.0	-0.0	-0.0	0.0	0.0	-0.0	0.0	0.0	0.0	0.0	0.0	0.0	0.0	-0.0	-0.0	0.0	-0.0	0.0	-0.0	-0.0	0.0	-0.0	0.0	0.0
TL1a_FP_90	0.862585748901416	-0.47611924407764145	0.014552886066725945	0.0	-0.0	0.0	-0.0	0.0	-0.0	-0.0	0.0	-0.0	0.0	0.0	-0.0	0.0	-0.0	0.0	-0.0	0.0	-0.0	0.0	-0.0	-0.0	0.0	0.0	0.0	0.0	-0.0	-0.0	0.0	0.0	0.0	0.0	-0.0	-0.0	-0.0	0.0	-0.0	0.0	0.0	0.0	0.0	0.0	-0.0	0.0	-0.0	0.0	0.0	-0.0	-0.0	0.0	0.0	-0.0	-0.0	0.0	-0.0	0.0	0.0	-0.0	0.0	0.0	0.0	-0.0	0.0	-0.0	0.0	0.0	-0.0	0.0	0.0	-0.0	-0.0	-0.0	-0.0	-0.0	0.0	0.0	0.0	-0.0	-0.0	0.0	0.0	-0.0	-0.0	-0.0	-0.0	0.0	0.0	0.0	-0.0	0.0	0.0	0.0	0.0	-0.0
TL1a_FP_195	-0.016339894522357807	1.7964770144092685	0.32400469493907136	-0.0	0.0	0.0	0.0	0.0	0.0	0.0	-0.0	0.0	-0.0	0.0	0.0	-0.0	-0.0	0.0	0.0	0.0	-0.0	-0.0	0.0	-0.0	0.0	0.0	0.0	0.0	0.0	-0.0	0.0	0.0	-0.0	0.0	-0.0	0.0	0.0	-0.0	-0.0	0.0	0.0	-0.0	-0.0	-0.0	0.0	0.0	-0.0	0.0	-0.0	-0.0	0.0	-0.0	-0.0	-0.0	0.0	0.0	-0.0	-0.0	0.0	-0.0	0.0	-0.0	-0.0	0.0	-0.0	-0.0	0.0	0.0	-0.0	0.0	-0.0	-0.0	0.0	-0.0	0.0	-0.0	0.0	0.0	0.0	0.0	0.0	-0.0	0.0	0.0	-0.0	0.0	0.0	0.0	-0.0	0.0	-0.0	0.0	0.0	-0.0	-0.0	-0.0
TL1a_FP_158	-0.2393945835351798	1.3591408066011017	0.14127381001907593	0.0	-0.0	-0.0	0.0	-0.0	-0.0	-0.0	0.0	-0.0	-0.0	-0.0	0.0	0.0	0.0	0.0	0.0	0.0	0.0	0.0	0.0	0.0	0.0	0.0	-0.0	-0.0	-0.0	0.0	-0.0	0.0	0.0	-0.0	-0.0	-0.0	-0.0	-0.0	-0.0	0.0	0.0	-0.0	-0.0	-0.0	-0.0	-0.0	0.0	-0.0	-0.0	0.0	0.0	-0.0	0.0	0.0	0.0	-0.0	0.0	-0.0	-0.0	-0.0	0.0	0.0	-0.0	-0.0	-0.0	-0.0	0.0	-0.0	-0.0	-0.0	0.0	-0.0	0.0	-0.0	0.0	0.0	-0.0	-0.0	0.0	-0.0	-0.0	0.0	0.0	-0.0	-0.0	0.0	0.0	0.0	-0.0	-0.0	0.0	-0.0	0.0	0.0	-0.0	-0.0
TL1a_DTT_127_Repeat	-1.0389982140698586	1.4600003340373398	-0.2222789843837926	-0.0	0.0	-0.0	-0.0	0.0	0.0	0.0	0.0	0.0	0.0	-0.0	-0.0	-0.0	0.0	0.0	-0.0	-0.0	0.0	0.0	0.0	0.0	0.0	-0.0	0.0	0.0	-0.0	-0.0	0.0	0.0	-0.0	-0.0	-0.0	0.0	-0.0	0.0	0.0	0.0	-0.0	-0.0	-0.0	-0.0	0.0	0.0	0.0	-0.0	-0.0	-0.0	-0.0	-0.0	0.0	-0.0	0.0	-0.0	0.0	-0.0	-0.0	0.0	0.0	0.0	0.0	-0.0	0.0	0.0	-0.0	0.0	0.0	-0.0	-0.0	-0.0	0.0	0.0	0.0	0.0	0.0	-0.0	0.0	0.0	0.0	-0.0	-0.0	-0.0	-0.0	-0.0	-0.0	-0.0	0.0	-0.0	-0.0	0.0	0.0	0.0	-0.0	0.0
TL1a_DTT_157_Repeat	-0.5096100405803865	1.024777202464071	-0.43734500172884333	0.0	0.0	0.0	-0.0	-0.0	0.0	-0.0	-0.0	-0.0	0.0	0.0	-0.0	0.0	-0.0	-0.0	-0.0	-0.0	0.0	0.0	-0.0	-0.0	0.0	0.0	-0.0	0.0	0.0	0.0	0.0	-0.0	-0.0	-0.0	0.0	0.0	0.0	0.0	-0.0	-0.0	0.0	-0.0	-0.0	-0.0	-0.0	-0.0	0.0	-0.0	-0.0	0.0	0.0	0.0	-0.0	-0.0	-0.0	0.0	-0.0	-0.0	-0.0	-0.0	-0.0	-0.0	0.0	0.0	-0.0	0.0	-0.0	0.0	0.0	0.0	0.0	-0.0	0.0	0.0	0.0	0.0	0.0	0.0	-0.0	0.0	-0.0	0.0	-0.0	0.0	-0.0	-0.0	0.0	-0.0	-0.0	0.0	-0.0	0.0	0.0	-0.0	0.0	-0.0
TL1a_FP_231	-1.2683454508680685	-0.630730285445793	-0.03413559234483655	0.0	-0.0	-0.0	0.0	0.0	-0.0	0.0	-0.0	-0.0	-0.0	0.0	0.0	-0.0	-0.0	-0.0	0.0	-0.0	0.0	0.0	0.0	-0.0	-0.0	0.0	0.0	-0.0	0.0	-0.0	-0.0	0.0	0.0	-0.0	0.0	-0.0	0.0	-0.0	0.0	-0.0	-0.0	0.0	-0.0	-0.0	-0.0	-0.0	0.0	0.0	0.0	-0.0	-0.0	0.0	-0.0	-0.0	-0.0	0.0	0.0	0.0	0.0	0.0	0.0	-0.0	0.0	-0.0	-0.0	-0.0	0.0	0.0	0.0	-0.0	0.0	-0.0	0.0	0.0	-0.0	0.0	0.0	0.0	0.0	-0.0	-0.0	-0.0	-0.0	0.0	0.0	0.0	-0.0	-0.0	0.0	-0.0	-0.0	-0.0	-0.0	0.0	-0.0	0.0
TL1a_FP_284	-0.5903626404772712	-1.3157922450984494	0.5679978411224947	-0.0	0.0	0.0	0.0	-0.0	0.0	-0.0	-0.0	0.0	0.0	-0.0	-0.0	0.0	0.0	-0.0	-0.0	0.0	0.0	-0.0	-0.0	-0.0	0.0	-0.0	0.0	0.0	0.0	0.0	-0.0	0.0	-0.0	-0.0	-0.0	0.0	0.0	-0.0	0.0	0.0	0.0	0.0	0.0	0.0	-0.0	-0.0	-0.0	-0.0	-0.0	-0.0	0.0	-0.0	0.0	-0.0	-0.0	-0.0	-0.0	-0.0	-0.0	0.0	-0.0	-0.0	0.0	-0.0	-0.0	0.0	0.0	0.0	0.0	-0.0	0.0	-0.0	0.0	0.0	-0.0	-0.0	0.0	-0.0	-0.0	0.0	-0.0	-0.0	-0.0	-0.0	0.0	-0.0	-0.0	-0.0	-0.0	-0.0	0.0	-0.0	-0.0	0.0	-0.0	0.0
TL1a_FP_267	-0.33606627115928167	0.7619294275708225	0.27540129636645627	0.0	-0.0	0.0	0.0	-0.0	-0.0	0.0	0.0	-0.0	-0.0	-0.0	0.0	-0.0	0.0	-0.0	0.0	0.0	-0.0	0.0	0.0	-0.0	-0.0	-0.0	0.0	-0.0	-0.0	-0.0	0.0	0.0	-0.0	-0.0	0.0	-0.0	-0.0	0.0	-0.0	0.0	0.0	0.0	0.0	-0.0	0.0	0.0	-0.0	-0.0	0.0	0.0	-0.0	0.0	-0.0	0.0	-0.0	0.0	0.0	0.0	-0.0	0.0	-0.0	-0.0	0.0	0.0	-0.0	0.0	-0.0	0.0	0.0	0.0	-0.0	-0.0	-0.0	0.0	-0.0	-0.0	-0.0	0.0	-0.0	-0.0	-0.0	0.0	0.0	-0.0	-0.0	0.0	-0.0	-0.0	0.0	0.0	0.0	-0.0	0.0	0.0	-0.0	-0.0
TL1a_DTT_130_Repeat	0.5523440075769882	0.02883866619541825	0.17159393386413088	0.0	0.0	0.0	0.0	-0.0	-0.0	0.0	-0.0	0.0	-0.0	0.0	0.0	0.0	-0.0	-0.0	0.0	-0.0	-0.0	0.0	0.0	0.0	0.0	-0.0	-0.0	-0.0	-0.0	-0.0	-0.0	-0.0	-0.0	0.0	0.0	0.0	0.0	0.0	-0.0	-0.0	0.0	0.0	-0.0	0.0	-0.0	0.0	-0.0	-0.0	0.0	-0.0	-0.0	-0.0	0.0	-0.0	0.0	-0.0	0.0	-0.0	0.0	0.0	0.0	0.0	-0.0	-0.0	-0.0	-0.0	0.0	0.0	0.0	-0.0	-0.0	-0.0	-0.0	0.0	-0.0	-0.0	-0.0	0.0	-0.0	0.0	-0.0	0.0	-0.0	-0.0	-0.0	0.0	0.0	-0.0	-0.0	-0.0	0.0	0.0	0.0	0.0	0.0	-0.0
TL1a_FP_269	1.6720742590418256	-0.49349491362319753	0.5832696971709378	0.0	-0.0	-0.0	0.0	-0.0	0.0	-0.0	0.0	0.0	-0.0	-0.0	0.0	-0.0	-0.0	-0.0	-0.0	-0.0	-0.0	-0.0	-0.0	0.0	0.0	-0.0	-0.0	-0.0	-0.0	0.0	0.0	0.0	-0.0	-0.0	-0.0	0.0	0.0	0.0	0.0	0.0	0.0	-0.0	0.0	0.0	0.0	-0.0	0.0	-0.0	0.0	-0.0	-0.0	0.0	0.0	-0.0	-0.0	0.0	0.0	0.0	0.0	-0.0	-0.0	-0.0	0.0	-0.0	-0.0	-0.0	-0.0	0.0	0.0	-0.0	0.0	-0.0	0.0	0.0	-0.0	0.0	-0.0	0.0	-0.0	-0.0	0.0	-0.0	-0.0	0.0	0.0	0.0	0.0	-0.0	0.0	-0.0	0.0	0.0	0.0	-0.0	0.0	0.0
TL1a_FP_288	0.051461967707896544	-0.6766533226428273	0.22705237890009217	-0.0	0.0	0.0	0.0	0.0	-0.0	0.0	-0.0	-0.0	0.0	-0.0	-0.0	0.0	-0.0	-0.0	0.0	0.0	-0.0	0.0	0.0	0.0	0.0	0.0	-0.0	-0.0	-0.0	-0.0	0.0	0.0	-0.0	0.0	0.0	0.0	-0.0	0.0	0.0	0.0	0.0	0.0	0.0	-0.0	-0.0	0.0	0.0	0.0	-0.0	-0.0	-0.0	-0.0	-0.0	0.0	0.0	-0.0	0.0	-0.0	0.0	0.0	-0.0	-0.0	-0.0	0.0	-0.0	-0.0	0.0	0.0	0.0	0.0	0.0	-0.0	0.0	0.0	0.0	0.0	0.0	-0.0	0.0	-0.0	0.0	0.0	0.0	0.0	-0.0	-0.0	-0.0	0.0	-0.0	-0.0	0.0	-0.0	-0.0	-0.0	-0.0	-0.0
TL1a_DTT_196_Repeat	0.8304487404386178	-0.5087397297966035	0.33465441315144484	-0.0	0.0	0.0	0.0	0.0	-0.0	0.0	0.0	-0.0	-0.0	0.0	-0.0	-0.0	-0.0	0.0	-0.0	0.0	0.0	0.0	-0.0	-0.0	-0.0	0.0	-0.0	-0.0	-0.0	0.0	0.0	0.0	-0.0	0.0	-0.0	-0.0	-0.0	-0.0	-0.0	-0.0	0.0	0.0	-0.0	-0.0	0.0	0.0	0.0	0.0	0.0	0.0	-0.0	-0.0	0.0	0.0	0.0	-0.0	-0.0	-0.0	0.0	-0.0	-0.0	0.0	0.0	0.0	0.0	0.0	-0.0	0.0	-0.0	-0.0	-0.0	-0.0	-0.0	0.0	0.0	0.0	-0.0	0.0	-0.0	-0.0	0.0	-0.0	-0.0	-0.0	0.0	-0.0	0.0	-0.0	0.0	-0.0	0.0	-0.0	0.0	-0.0	0.0	-0.0
TL1a_DTT_90_Repeat	-0.2656445712044804	-0.5783059323742871	-0.4829513012182464	-0.0	0.0	0.0	-0.0	0.0	0.0	-0.0	-0.0	-0.0	-0.0	-0.0	-0.0	-0.0	-0.0	-0.0	-0.0	-0.0	-0.0	0.0	0.0	0.0	0.0	-0.0	0.0	0.0	0.0	-0.0	-0.0	0.0	-0.0	-0.0	-0.0	-0.0	-0.0	-0.0	0.0	-0.0	-0.0	-0.0	0.0	0.0	0.0	-0.0	0.0	0.0	0.0	-0.0	0.0	-0.0	-0.0	-0.0	0.0	0.0	-0.0	-0.0	0.0	-0.0	-0.0	-0.0	0.0	0.0	-0.0	0.0	0.0	0.0	-0.0	-0.0	-0.0	-0.0	0.0	-0.0	-0.0	-0.0	-0.0	-0.0	0.0	-0.0	0.0	0.0	0.0	0.0	0.0	0.0	0.0	0.0	0.0	0.0	0.0	-0.0	-0.0	0.0	-0.0	0.0
TL1a_FP_87	-1.5121856419929065	-1.060044698526725	-0.11352494822703026	-0.0	0.0	-0.0	0.0	-0.0	0.0	-0.0	0.0	0.0	0.0	-0.0	0.0	0.0	0.0	-0.0	0.0	0.0	0.0	-0.0	-0.0	0.0	0.0	0.0	-0.0	0.0	-0.0	-0.0	-0.0	0.0	0.0	-0.0	0.0	-0.0	0.0	0.0	-0.0	-0.0	0.0	0.0	0.0	-0.0	-0.0	0.0	0.0	-0.0	-0.0	0.0	0.0	0.0	-0.0	-0.0	0.0	-0.0	0.0	0.0	0.0	-0.0	0.0	-0.0	-0.0	0.0	-0.0	-0.0	-0.0	0.0	0.0	-0.0	-0.0	-0.0	0.0	0.0	0.0	-0.0	-0.0	-0.0	0.0	0.0	-0.0	-0.0	0.0	0.0	0.0	0.0	-0.0	0.0	0.0	0.0	0.0	-0.0	-0.0	0.0	0.0	0.0
TL1a_FP_196	-0.15843043024337214	1.1537977018546286	0.35925268568507573	0.0	0.0	-0.0	-0.0	0.0	-0.0	-0.0	-0.0	0.0	-0.0	-0.0	-0.0	-0.0	0.0	0.0	0.0	-0.0	0.0	0.0	-0.0	-0.0	0.0	-0.0	-0.0	0.0	0.0	0.0	-0.0	-0.0	-0.0	0.0	0.0	-0.0	0.0	-0.0	0.0	-0.0	-0.0	-0.0	0.0	0.0	0.0	0.0	-0.0	-0.0	0.0	-0.0	-0.0	0.0	-0.0	0.0	-0.0	0.0	-0.0	-0.0	-0.0	-0.0	0.0	-0.0	-0.0	0.0	-0.0	0.0	0.0	0.0	0.0	0.0	-0.0	-0.0	0.0	0.0	-0.0	-0.0	0.0	0.0	0.0	-0.0	-0.0	0.0	0.0	-0.0	-0.0	0.0	0.0	0.0	-0.0	-0.0	0.0	-0.0	-0.0	-0.0	0.0	-0.0
TL1a_FP_131	-0.3774703658698329	0.15425340745458996	-0.1980625552778332	-0.0	-0.0	-0.0	-0.0	0.0	0.0	0.0	-0.0	-0.0	0.0	-0.0	-0.0	-0.0	0.0	0.0	-0.0	-0.0	-0.0	0.0	-0.0	0.0	-0.0	-0.0	-0.0	-0.0	0.0	0.0	-0.0	-0.0	0.0	0.0	0.0	0.0	-0.0	0.0	0.0	-0.0	0.0	0.0	0.0	-0.0	-0.0	-0.0	0.0	0.0	-0.0	0.0	0.0	0.0	0.0	-0.0	0.0	-0.0	-0.0	0.0	0.0	-0.0	0.0	-0.0	-0.0	0.0	-0.0	-0.0	0.0	-0.0	0.0	0.0	0.0	-0.0	-0.0	-0.0	0.0	-0.0	-0.0	0.0	0.0	0.0	0.0	-0.0	-0.0	-0.0	0.0	0.0	0.0	-0.0	-0.0	-0.0	-0.0	-0.0	-0.0	0.0	-0.0	-0.0
TL1a_DTT_198_Repeat	0.26398287961108224	0.5895502686273333	-0.14471482844249609	-0.0	0.0	-0.0	-0.0	0.0	0.0	0.0	0.0	0.0	0.0	0.0	-0.0	-0.0	0.0	-0.0	-0.0	0.0	0.0	0.0	0.0	0.0	-0.0	-0.0	0.0	0.0	0.0	0.0	-0.0	0.0	-0.0	-0.0	-0.0	-0.0	-0.0	0.0	-0.0	0.0	-0.0	0.0	-0.0	0.0	-0.0	-0.0	0.0	-0.0	-0.0	0.0	-0.0	0.0	0.0	-0.0	0.0	0.0	0.0	-0.0	-0.0	-0.0	-0.0	-0.0	-0.0	0.0	0.0	-0.0	-0.0	0.0	0.0	0.0	-0.0	-0.0	-0.0	-0.0	-0.0	-0.0	-0.0	-0.0	-0.0	-0.0	-0.0	-0.0	-0.0	0.0	-0.0	0.0	-0.0	0.0	-0.0	0.0	0.0	-0.0	-0.0	0.0	-0.0	-0.0
TL1a_DTT_88_Repeat	-0.17883838239138108	-0.38043134196736844	-0.4771986875344455	-0.0	-0.0	-0.0	-0.0	0.0	-0.0	0.0	-0.0	-0.0	-0.0	-0.0	0.0	0.0	-0.0	0.0	0.0	-0.0	-0.0	-0.0	-0.0	-0.0	0.0	0.0	0.0	0.0	0.0	-0.0	0.0	0.0	-0.0	-0.0	0.0	-0.0	0.0	-0.0	0.0	-0.0	0.0	0.0	-0.0	-0.0	-0.0	-0.0	0.0	-0.0	0.0	-0.0	-0.0	0.0	0.0	-0.0	-0.0	-0.0	0.0	-0.0	0.0	-0.0	-0.0	0.0	-0.0	-0.0	-0.0	0.0	0.0	0.0	-0.0	0.0	-0.0	0.0	-0.0	0.0	-0.0	0.0	-0.0	0.0	-0.0	-0.0	0.0	-0.0	0.0	0.0	0.0	0.0	-0.0	0.0	-0.0	0.0	-0.0	-0.0	0.0	-0.0	0.0	-0.0
TL1a_FP_270	1.8210428450965528	0.23138926400206805	0.10408961521172123	0.0	0.0	0.0	-0.0	-0.0	0.0	-0.0	-0.0	0.0	-0.0	0.0	0.0	0.0	-0.0	-0.0	0.0	0.0	-0.0	0.0	-0.0	0.0	-0.0	-0.0	-0.0	0.0	-0.0	0.0	0.0	0.0	0.0	0.0	0.0	0.0	-0.0	0.0	0.0	0.0	-0.0	0.0	0.0	-0.0	-0.0	-0.0	-0.0	0.0	0.0	-0.0	0.0	-0.0	0.0	-0.0	-0.0	-0.0	-0.0	-0.0	-0.0	-0.0	0.0	-0.0	-0.0	0.0	-0.0	0.0	0.0	0.0	0.0	0.0	-0.0	0.0	0.0	0.0	-0.0	-0.0	0.0	0.0	-0.0	-0.0	0.0	-0.0	0.0	0.0	0.0	-0.0	-0.0	-0.0	-0.0	-0.0	-0.0	0.0	-0.0	-0.0	-0.0	-0.0
TL1a_FP_160	0.890602028034677	0.7295687662122137	0.5322791877284535	0.0	-0.0	0.0	0.0	-0.0	-0.0	-0.0	-0.0	-0.0	0.0	-0.0	0.0	0.0	0.0	-0.0	0.0	0.0	0.0	-0.0	-0.0	0.0	0.0	-0.0	-0.0	-0.0	0.0	0.0	-0.0	-0.0	-0.0	-0.0	-0.0	0.0	-0.0	-0.0	-0.0	-0.0	-0.0	0.0	-0.0	-0.0	0.0	-0.0	0.0	-0.0	0.0	-0.0	-0.0	0.0	-0.0	-0.0	-0.0	-0.0	-0.0	-0.0	-0.0	-0.0	0.0	-0.0	0.0	-0.0	0.0	0.0	-0.0	-0.0	-0.0	0.0	-0.0	-0.0	-0.0	0.0	-0.0	-0.0	0.0	-0.0	0.0	0.0	0.0	-0.0	0.0	-0.0	-0.0	0.0	-0.0	-0.0	0.0	0.0	-0.0	0.0	-0.0	0.0	0.0	-0.0
TL1a_FP_194	0.011550020222363431	0.5292561937328616	1.0556131551356938	-0.0	-0.0	0.0	-0.0	0.0	0.0	-0.0	0.0	0.0	-0.0	-0.0	-0.0	-0.0	-0.0	-0.0	0.0	-0.0	-0.0	-0.0	-0.0	-0.0	0.0	0.0	0.0	-0.0	0.0	-0.0	-0.0	-0.0	0.0	-0.0	-0.0	-0.0	-0.0	-0.0	-0.0	-0.0	-0.0	0.0	-0.0	-0.0	0.0	-0.0	0.0	0.0	-0.0	-0.0	-0.0	-0.0	0.0	0.0	-0.0	-0.0	-0.0	0.0	-0.0	0.0	0.0	0.0	0.0	0.0	-0.0	0.0	-0.0	0.0	-0.0	-0.0	-0.0	-0.0	0.0	-0.0	0.0	0.0	-0.0	-0.0	0.0	-0.0	-0.0	0.0	0.0	0.0	-0.0	0.0	0.0	0.0	-0.0	-0.0	-0.0	0.0	0.0	0.0	0.0	0.0
TL1a_FP_286	-0.12430304755369141	-0.3688321233863802	0.06998475847261729	0.0	-0.0	-0.0	-0.0	0.0	-0.0	0.0	-0.0	0.0	0.0	0.0	0.0	0.0	-0.0	-0.0	-0.0	0.0	0.0	-0.0	0.0	0.0	0.0	-0.0	-0.0	0.0	0.0	-0.0	-0.0	-0.0	-0.0	-0.0	0.0	0.0	-0.0	0.0	-0.0	-0.0	0.0	0.0	0.0	-0.0	-0.0	-0.0	0.0	0.0	0.0	0.0	-0.0	0.0	0.0	0.0	-0.0	-0.0	0.0	-0.0	0.0	0.0	0.0	0.0	-0.0	-0.0	0.0	0.0	0.0	0.0	0.0	0.0	0.0	-0.0	0.0	0.0	-0.0	-0.0	0.0	0.0	0.0	-0.0	0.0	0.0	0.0	-0.0	0.0	0.0	0.0	0.0	-0.0	-0.0	0.0	0.0	-0.0	-0.0	-0.0	-0.0
TL1a_DTT_89_Re_extracted	0.9370953968221799	-0.19700368670997992	0.346705782932792	0.0	0.0	-0.0	0.0	-0.0	-0.0	-0.0	-0.0	0.0	0.0	0.0	0.0	0.0	0.0	0.0	0.0	-0.0	-0.0	-0.0	0.0	-0.0	-0.0	-0.0	0.0	-0.0	0.0	-0.0	0.0	-0.0	-0.0	-0.0	0.0	-0.0	0.0	0.0	0.0	-0.0	0.0	0.0	-0.0	0.0	-0.0	-0.0	0.0	-0.0	-0.0	0.0	0.0	-0.0	0.0	0.0	0.0	0.0	-0.0	-0.0	-0.0	-0.0	0.0	0.0	0.0	0.0	-0.0	-0.0	0.0	0.0	-0.0	0.0	-0.0	-0.0	-0.0	-0.0	0.0	-0.0	-0.0	0.0	0.0	0.0	-0.0	-0.0	-0.0	0.0	0.0	-0.0	-0.0	-0.0	0.0	-0.0	0.0	-0.0	-0.0	0.0	-0.0	-0.0
TL1a_DTT_197_Repeat	0.19051617476746188	-0.16738429179677272	-0.12411965776778093	0.0	-0.0	0.0	-0.0	-0.0	-0.0	0.0	-0.0	-0.0	-0.0	-0.0	0.0	-0.0	0.0	0.0	-0.0	0.0	0.0	-0.0	0.0	-0.0	-0.0	0.0	-0.0	-0.0	-0.0	0.0	0.0	0.0	-0.0	-0.0	0.0	0.0	0.0	0.0	0.0	0.0	-0.0	0.0	-0.0	0.0	0.0	-0.0	0.0	0.0	-0.0	0.0	0.0	-0.0	0.0	0.0	-0.0	-0.0	-0.0	-0.0	0.0	-0.0	-0.0	-0.0	0.0	-0.0	-0.0	0.0	-0.0	0.0	-0.0	0.0	0.0	-0.0	-0.0	0.0	0.0	0.0	0.0	-0.0	-0.0	0.0	-0.0	0.0	-0.0	-0.0	-0.0	0.0	0.0	0.0	-0.0	-0.0	-0.0	0.0	-0.0	-0.0	-0.0	-0.0
TL1a_FP_232	-0.04238749320103798	-0.601810455823353	-0.1687553899843619	-0.0	0.0	0.0	0.0	-0.0	0.0	0.0	-0.0	0.0	0.0	-0.0	0.0	-0.0	-0.0	-0.0	0.0	0.0	-0.0	0.0	0.0	-0.0	0.0	-0.0	-0.0	-0.0	0.0	0.0	-0.0	-0.0	0.0	-0.0	0.0	-0.0	0.0	0.0	-0.0	0.0	0.0	-0.0	0.0	-0.0	-0.0	0.0	-0.0	-0.0	0.0	0.0	0.0	-0.0	-0.0	-0.0	0.0	0.0	0.0	-0.0	-0.0	-0.0	0.0	-0.0	0.0	-0.0	0.0	0.0	-0.0	0.0	0.0	0.0	0.0	-0.0	-0.0	-0.0	0.0	0.0	0.0	-0.0	0.0	-0.0	0.0	0.0	-0.0	-0.0	0.0	0.0	-0.0	0.0	-0.0	-0.0	0.0	0.0	-0.0	-0.0	0.0	-0.0
TL1a_DTT_270_Repeat	-0.39789308702883647	0.11158745095116221	0.00958823425013835	0.0	0.0	0.0	-0.0	0.0	0.0	-0.0	-0.0	-0.0	-0.0	0.0	0.0	-0.0	0.0	-0.0	-0.0	-0.0	-0.0	-0.0	0.0	0.0	-0.0	0.0	-0.0	0.0	0.0	0.0	-0.0	0.0	0.0	-0.0	-0.0	-0.0	0.0	0.0	-0.0	0.0	-0.0	0.0	-0.0	0.0	0.0	0.0	0.0	0.0	-0.0	-0.0	-0.0	-0.0	0.0	-0.0	0.0	0.0	0.0	0.0	-0.0	-0.0	-0.0	0.0	-0.0	0.0	-0.0	0.0	-0.0	0.0	-0.0	0.0	0.0	-0.0	-0.0	-0.0	-0.0	0.0	0.0	0.0	0.0	-0.0	0.0	-0.0	0.0	-0.0	-0.0	-0.0	0.0	-0.0	-0.0	-0.0	-0.0	-0.0	-0.0	0.0	0.0	-0.0
TL1a_FP_233	0.7990789604366926	-1.1992382826284493	0.3607275996943716	0.0	-0.0	-0.0	-0.0	0.0	-0.0	-0.0	0.0	0.0	0.0	-0.0	-0.0	0.0	-0.0	-0.0	-0.0	0.0	-0.0	0.0	0.0	-0.0	0.0	-0.0	-0.0	0.0	0.0	0.0	-0.0	-0.0	-0.0	0.0	-0.0	-0.0	0.0	0.0	-0.0	-0.0	-0.0	0.0	0.0	-0.0	-0.0	-0.0	-0.0	-0.0	-0.0	-0.0	0.0	-0.0	-0.0	-0.0	-0.0	-0.0	0.0	-0.0	0.0	0.0	-0.0	-0.0	0.0	-0.0	0.0	0.0	-0.0	0.0	0.0	0.0	0.0	0.0	0.0	0.0	0.0	-0.0	-0.0	-0.0	0.0	-0.0	-0.0	-0.0	-0.0	0.0	0.0	-0.0	0.0	0.0	0.0	0.0	0.0	0.0	0.0	0.0	0.0	-0.0
TL1a_FP_268	1.1072431695506473	1.0349432748294298	0.5407159791916943	-0.0	-0.0	-0.0	-0.0	0.0	-0.0	-0.0	-0.0	-0.0	0.0	0.0	0.0	-0.0	0.0	-0.0	0.0	0.0	0.0	0.0	-0.0	-0.0	-0.0	-0.0	-0.0	-0.0	0.0	-0.0	0.0	-0.0	-0.0	0.0	-0.0	0.0	-0.0	0.0	0.0	0.0	0.0	0.0	-0.0	0.0	0.0	0.0	-0.0	-0.0	-0.0	0.0	0.0	-0.0	-0.0	0.0	0.0	0.0	0.0	-0.0	-0.0	-0.0	0.0	0.0	-0.0	-0.0	0.0	0.0	-0.0	0.0	-0.0	-0.0	0.0	-0.0	0.0	0.0	-0.0	0.0	-0.0	0.0	-0.0	-0.0	0.0	-0.0	0.0	0.0	0.0	0.0	0.0	-0.0	0.0	0.0	-0.0	-0.0	-0.0	0.0	0.0	0.0
TL1a_FP_285	-1.233444256875635	-0.6819631339787162	-0.2518387082971007	0.0	0.0	-0.0	-0.0	0.0	-0.0	0.0	-0.0	0.0	-0.0	-0.0	0.0	-0.0	0.0	-0.0	0.0	-0.0	0.0	-0.0	-0.0	0.0	0.0	-0.0	-0.0	-0.0	0.0	0.0	0.0	-0.0	0.0	0.0	0.0	-0.0	0.0	0.0	-0.0	0.0	-0.0	-0.0	-0.0	-0.0	-0.0	0.0	-0.0	-0.0	-0.0	-0.0	-0.0	0.0	-0.0	0.0	0.0	0.0	-0.0	0.0	0.0	0.0	-0.0	-0.0	-0.0	-0.0	0.0	-0.0	0.0	-0.0	0.0	0.0	0.0	-0.0	-0.0	0.0	-0.0	0.0	-0.0	-0.0	-0.0	-0.0	0.0	-0.0	0.0	0.0	-0.0	-0.0	-0.0	-0.0	-0.0	-0.0	-0.0	0.0	0.0	-0.0	-0.0	-0.0
TL1a_DTT_284	-1.534295388198236	0.31199308240877455	-0.6389411353551157	-0.0	-0.0	0.0	0.0	0.0	-0.0	-0.0	-0.0	-0.0	-0.0	-0.0	-0.0	-0.0	0.0	-0.0	-0.0	0.0	0.0	-0.0	0.0	0.0	-0.0	0.0	-0.0	-0.0	-0.0	-0.0	-0.0	0.0	0.0	0.0	0.0	0.0	-0.0	-0.0	0.0	0.0	-0.0	0.0	-0.0	0.0	-0.0	-0.0	0.0	-0.0	-0.0	-0.0	-0.0	-0.0	-0.0	-0.0	-0.0	0.0	-0.0	-0.0	-0.0	-0.0	-0.0	0.0	-0.0	-0.0	0.0	-0.0	-0.0	0.0	0.0	-0.0	-0.0	0.0	-0.0	0.0	0.0	-0.0	-0.0	0.0	0.0	0.0	0.0	-0.0	0.0	0.0	-0.0	-0.0	0.0	0.0	0.0	0.0	0.0	0.0	0.0	-0.0	0.0	0.0
TL1a_DTT_231	0.11643324398483529	0.3445085222843121	-0.15796550105202914	-0.0	-0.0	-0.0	-0.0	-0.0	-0.0	0.0	-0.0	0.0	0.0	-0.0	0.0	-0.0	0.0	0.0	-0.0	0.0	0.0	0.0	-0.0	-0.0	-0.0	0.0	-0.0	-0.0	0.0	0.0	-0.0	0.0	0.0	0.0	0.0	0.0	0.0	0.0	-0.0	0.0	0.0	0.0	0.0	0.0	0.0	-0.0	0.0	-0.0	0.0	-0.0	-0.0	0.0	-0.0	0.0	0.0	0.0	0.0	-0.0	0.0	-0.0	0.0	-0.0	0.0	-0.0	-0.0	-0.0	0.0	0.0	-0.0	0.0	-0.0	-0.0	-0.0	-0.0	0.0	-0.0	-0.0	0.0	-0.0	0.0	-0.0	0.0	-0.0	0.0	0.0	-0.0	0.0	-0.0	-0.0	-0.0	-0.0	-0.0	0.0	-0.0	-0.0	-0.0
TL1a_FP_85	-0.9099916247076951	-0.7078257094695872	-0.003948404331168067	0.0	-0.0	0.0	0.0	-0.0	-0.0	-0.0	-0.0	0.0	-0.0	0.0	-0.0	-0.0	0.0	-0.0	-0.0	0.0	-0.0	-0.0	-0.0	0.0	-0.0	-0.0	-0.0	-0.0	-0.0	0.0	-0.0	0.0	0.0	0.0	-0.0	-0.0	-0.0	0.0	0.0	0.0	-0.0	0.0	0.0	-0.0	0.0	-0.0	0.0	-0.0	0.0	0.0	-0.0	-0.0	0.0	0.0	0.0	0.0	0.0	-0.0	0.0	0.0	-0.0	-0.0	0.0	-0.0	0.0	-0.0	0.0	0.0	-0.0	0.0	-0.0	-0.0	-0.0	0.0	0.0	0.0	0.0	0.0	0.0	0.0	0.0	0.0	-0.0	-0.0	0.0	0.0	-0.0	0.0	-0.0	0.0	-0.0	-0.0	0.0	0.0	-0.0	-0.0
TL1a_DTT_267	-0.8260616497834457	1.1740642055811592	-0.20446358728032307	-0.0	0.0	-0.0	0.0	0.0	-0.0	-0.0	-0.0	0.0	0.0	0.0	-0.0	0.0	-0.0	-0.0	-0.0	-0.0	-0.0	-0.0	0.0	0.0	-0.0	-0.0	-0.0	-0.0	-0.0	-0.0	-0.0	-0.0	-0.0	-0.0	-0.0	0.0	0.0	0.0	0.0	-0.0	-0.0	-0.0	-0.0	-0.0	-0.0	0.0	-0.0	-0.0	-0.0	-0.0	0.0	0.0	0.0	0.0	-0.0	0.0	0.0	-0.0	0.0	-0.0	0.0	0.0	-0.0	0.0	0.0	0.0	-0.0	0.0	0.0	-0.0	0.0	-0.0	-0.0	0.0	-0.0	0.0	-0.0	-0.0	-0.0	0.0	-0.0	0.0	-0.0	-0.0	0.0	-0.0	-0.0	-0.0	-0.0	-0.0	0.0	-0.0	0.0	0.0	-0.0	0.0
TL1a_FP_127	-1.027315742572527	1.1794697895296464	0.06016009148487532	0.0	-0.0	-0.0	0.0	-0.0	-0.0	0.0	0.0	0.0	-0.0	0.0	0.0	-0.0	-0.0	-0.0	-0.0	0.0	0.0	-0.0	-0.0	-0.0	-0.0	0.0	0.0	0.0	0.0	-0.0	0.0	-0.0	0.0	0.0	0.0	-0.0	-0.0	0.0	0.0	-0.0	-0.0	-0.0	0.0	-0.0	-0.0	0.0	0.0	0.0	0.0	-0.0	0.0	-0.0	-0.0	0.0	-0.0	0.0	-0.0	-0.0	-0.0	0.0	-0.0	-0.0	-0.0	0.0	0.0	0.0	0.0	0.0	-0.0	-0.0	-0.0	-0.0	0.0	0.0	-0.0	0.0	-0.0	0.0	-0.0	-0.0	0.0	-0.0	-0.0	-0.0	0.0	0.0	0.0	-0.0	-0.0	0.0	0.0	0.0	-0.0	0.0	-0.0	0.0
TL1a_DTT_160	0.1739628596916247	1.260707274717397	0.3470851167056246	-0.0	-0.0	0.0	-0.0	0.0	0.0	0.0	-0.0	0.0	0.0	0.0	0.0	-0.0	0.0	-0.0	-0.0	-0.0	0.0	-0.0	0.0	-0.0	0.0	-0.0	0.0	-0.0	0.0	-0.0	0.0	-0.0	0.0	0.0	-0.0	-0.0	0.0	0.0	0.0	0.0	-0.0	-0.0	0.0	0.0	0.0	-0.0	0.0	0.0	-0.0	-0.0	-0.0	0.0	-0.0	-0.0	-0.0	-0.0	-0.0	0.0	0.0	-0.0	-0.0	0.0	-0.0	-0.0	0.0	-0.0	-0.0	-0.0	0.0	-0.0	-0.0	-0.0	0.0	0.0	0.0	-0.0	-0.0	-0.0	-0.0	-0.0	0.0	0.0	-0.0	-0.0	-0.0	-0.0	-0.0	0.0	-0.0	0.0	0.0	-0.0	0.0	0.0	0.0	-0.0
TL1a_DTT_234	0.04091475152186894	-1.8146692131878006	0.14767760113797815	-0.0	-0.0	-0.0	-0.0	-0.0	0.0	-0.0	0.0	0.0	-0.0	-0.0	-0.0	0.0	0.0	-0.0	-0.0	-0.0	0.0	-0.0	0.0	0.0	0.0	0.0	0.0	-0.0	-0.0	-0.0	0.0	-0.0	-0.0	-0.0	-0.0	0.0	-0.0	0.0	-0.0	-0.0	-0.0	0.0	0.0	0.0	0.0	0.0	-0.0	-0.0	0.0	0.0	-0.0	-0.0	-0.0	-0.0	-0.0	-0.0	-0.0	-0.0	-0.0	-0.0	0.0	-0.0	-0.0	-0.0	0.0	-0.0	-0.0	0.0	-0.0	0.0	-0.0	-0.0	0.0	0.0	0.0	0.0	0.0	0.0	-0.0	-0.0	-0.0	0.0	0.0	-0.0	0.0	-0.0	-0.0	-0.0	-0.0	0.0	-0.0	-0.0	-0.0	-0.0	-0.0	-0.0
TL1a_DTT_158	-0.41048318088734664	1.538314572844428	-0.4051515420317193	-0.0	0.0	-0.0	-0.0	0.0	-0.0	-0.0	-0.0	0.0	-0.0	-0.0	-0.0	0.0	-0.0	0.0	-0.0	0.0	-0.0	-0.0	-0.0	-0.0	-0.0	-0.0	0.0	-0.0	0.0	-0.0	-0.0	0.0	0.0	0.0	-0.0	-0.0	0.0	-0.0	-0.0	-0.0	0.0	-0.0	0.0	0.0	0.0	-0.0	0.0	-0.0	-0.0	-0.0	0.0	0.0	-0.0	-0.0	-0.0	-0.0	0.0	-0.0	0.0	-0.0	0.0	-0.0	0.0	-0.0	0.0	-0.0	-0.0	-0.0	-0.0	-0.0	-0.0	-0.0	-0.0	0.0	0.0	-0.0	0.0	0.0	0.0	-0.0	0.0	-0.0	0.0	0.0	-0.0	0.0	0.0	-0.0	-0.0	-0.0	0.0	-0.0	-0.0	0.0	-0.0	-0.0
TL1a_FP_193	0.10269688428036945	0.5510481921289744	0.9526088012536078	0.0	0.0	-0.0	0.0	0.0	0.0	0.0	-0.0	-0.0	-0.0	0.0	-0.0	0.0	-0.0	0.0	-0.0	0.0	0.0	-0.0	0.0	0.0	0.0	0.0	-0.0	0.0	0.0	0.0	0.0	-0.0	0.0	0.0	0.0	-0.0	0.0	0.0	-0.0	-0.0	0.0	-0.0	0.0	-0.0	0.0	0.0	0.0	0.0	-0.0	-0.0	0.0	-0.0	0.0	-0.0	-0.0	0.0	0.0	-0.0	-0.0	-0.0	0.0	-0.0	0.0	0.0	0.0	-0.0	0.0	-0.0	0.0	0.0	0.0	-0.0	0.0	0.0	0.0	-0.0	0.0	-0.0	0.0	0.0	-0.0	0.0	-0.0	-0.0	0.0	0.0	-0.0	0.0	0.0	0.0	0.0	-0.0	-0.0	-0.0	0.0	-0.0
TL1a_FP_265	0.32125837761464654	0.4986947353886492	0.668359012889776	-0.0	-0.0	0.0	-0.0	-0.0	0.0	0.0	0.0	0.0	-0.0	0.0	0.0	-0.0	-0.0	-0.0	-0.0	-0.0	-0.0	0.0	0.0	0.0	0.0	0.0	-0.0	-0.0	0.0	0.0	0.0	0.0	0.0	-0.0	0.0	0.0	-0.0	-0.0	0.0	-0.0	0.0	-0.0	0.0	-0.0	0.0	0.0	-0.0	-0.0	-0.0	0.0	0.0	0.0	-0.0	-0.0	-0.0	-0.0	0.0	-0.0	0.0	-0.0	-0.0	0.0	-0.0	-0.0	-0.0	0.0	-0.0	0.0	0.0	0.0	-0.0	-0.0	-0.0	-0.0	-0.0	-0.0	0.0	0.0	-0.0	-0.0	-0.0	-0.0	-0.0	-0.0	0.0	-0.0	-0.0	-0.0	0.0	0.0	0.0	-0.0	0.0	-0.0	0.0	-0.0
TL1a_DTT_129	-1.2423642141480133	1.779534333478357	-0.415741227343056	0.0	0.0	-0.0	0.0	-0.0	0.0	0.0	0.0	0.0	0.0	-0.0	-0.0	0.0	-0.0	0.0	0.0	0.0	0.0	-0.0	0.0	0.0	0.0	-0.0	0.0	-0.0	0.0	0.0	0.0	0.0	0.0	0.0	-0.0	0.0	0.0	0.0	0.0	-0.0	0.0	0.0	0.0	0.0	-0.0	-0.0	-0.0	-0.0	-0.0	-0.0	-0.0	-0.0	-0.0	-0.0	0.0	0.0	0.0	0.0	0.0	0.0	-0.0	0.0	-0.0	0.0	-0.0	0.0	-0.0	0.0	-0.0	-0.0	0.0	-0.0	-0.0	0.0	0.0	0.0	0.0	0.0	0.0	-0.0	-0.0	0.0	0.0	-0.0	0.0	0.0	0.0	0.0	-0.0	0.0	-0.0	-0.0	-0.0	-0.0	0.0	0.0
TL1a_DTT_265	-0.47296572900525974	1.008680673287841	-0.31456494806220675	-0.0	0.0	0.0	-0.0	-0.0	-0.0	0.0	-0.0	0.0	-0.0	-0.0	-0.0	0.0	-0.0	-0.0	0.0	-0.0	-0.0	0.0	0.0	-0.0	-0.0	-0.0	-0.0	0.0	0.0	-0.0	0.0	-0.0	0.0	0.0	0.0	0.0	-0.0	0.0	-0.0	0.0	-0.0	0.0	0.0	0.0	0.0	-0.0	-0.0	-0.0	-0.0	0.0	0.0	0.0	0.0	-0.0	0.0	-0.0	-0.0	0.0	-0.0	-0.0	-0.0	-0.0	-0.0	-0.0	0.0	-0.0	0.0	0.0	-0.0	-0.0	0.0	-0.0	0.0	-0.0	-0.0	0.0	0.0	0.0	0.0	0.0	-0.0	-0.0	-0.0	0.0	-0.0	-0.0	-0.0	0.0	0.0	-0.0	0.0	-0.0	0.0	0.0	0.0	-0.0
TL1a_DTT_285	-1.0891597287613308	-0.10619030744495626	-0.16410233274231117	-0.0	0.0	0.0	-0.0	-0.0	0.0	0.0	-0.0	-0.0	0.0	0.0	-0.0	-0.0	0.0	-0.0	0.0	0.0	-0.0	-0.0	0.0	0.0	0.0	0.0	0.0	0.0	0.0	0.0	-0.0	0.0	0.0	-0.0	0.0	-0.0	0.0	-0.0	-0.0	0.0	-0.0	0.0	-0.0	-0.0	0.0	0.0	0.0	0.0	-0.0	-0.0	0.0	0.0	0.0	0.0	0.0	-0.0	-0.0	0.0	-0.0	0.0	-0.0	-0.0	0.0	-0.0	-0.0	0.0	0.0	0.0	-0.0	0.0	0.0	-0.0	0.0	0.0	-0.0	0.0	-0.0	0.0	0.0	-0.0	-0.0	-0.0	-0.0	0.0	0.0	-0.0	0.0	-0.0	0.0	0.0	-0.0	-0.0	0.0	0.0	0.0	-0.0
TL1a_DTT_159	-0.39705499162035207	1.220505658278335	-0.06132467020152858	0.0	0.0	0.0	-0.0	-0.0	0.0	0.0	0.0	-0.0	0.0	-0.0	0.0	-0.0	0.0	-0.0	0.0	-0.0	0.0	0.0	-0.0	-0.0	-0.0	-0.0	0.0	-0.0	-0.0	-0.0	0.0	0.0	-0.0	0.0	-0.0	0.0	0.0	0.0	-0.0	-0.0	0.0	0.0	-0.0	0.0	-0.0	0.0	-0.0	0.0	-0.0	0.0	0.0	-0.0	0.0	-0.0	0.0	0.0	0.0	-0.0	0.0	0.0	-0.0	-0.0	-0.0	-0.0	0.0	-0.0	-0.0	0.0	-0.0	0.0	-0.0	-0.0	0.0	-0.0	0.0	-0.0	0.0	0.0	0.0	-0.0	0.0	0.0	0.0	-0.0	0.0	-0.0	-0.0	0.0	0.0	0.0	0.0	0.0	0.0	0.0	-0.0	-0.0
TL1a_FP_157	-0.21936747482776497	1.1100818429479067	0.17957957410449626	0.0	0.0	0.0	0.0	0.0	-0.0	0.0	-0.0	0.0	0.0	-0.0	-0.0	0.0	0.0	0.0	-0.0	0.0	-0.0	-0.0	-0.0	0.0	0.0	0.0	-0.0	0.0	-0.0	-0.0	0.0	-0.0	0.0	0.0	-0.0	0.0	0.0	-0.0	0.0	0.0	0.0	0.0	-0.0	-0.0	-0.0	-0.0	0.0	0.0	0.0	0.0	0.0	0.0	-0.0	-0.0	0.0	-0.0	0.0	-0.0	-0.0	0.0	0.0	0.0	0.0	0.0	-0.0	0.0	0.0	0.0	-0.0	-0.0	-0.0	-0.0	-0.0	0.0	-0.0	0.0	0.0	-0.0	0.0	-0.0	0.0	0.0	0.0	-0.0	0.0	0.0	0.0	-0.0	0.0	0.0	0.0	-0.0	-0.0	-0.0	-0.0	0.0
TL1a_DTT_287	-0.37913469446575704	-0.6206998507901059	-0.3698342585213264	0.0	0.0	-0.0	-0.0	-0.0	0.0	0.0	0.0	-0.0	-0.0	0.0	-0.0	0.0	-0.0	-0.0	0.0	0.0	0.0	-0.0	-0.0	0.0	-0.0	0.0	0.0	-0.0	0.0	0.0	0.0	-0.0	0.0	0.0	-0.0	0.0	0.0	-0.0	0.0	-0.0	0.0	0.0	-0.0	0.0	-0.0	-0.0	-0.0	0.0	0.0	-0.0	0.0	0.0	-0.0	-0.0	0.0	-0.0	-0.0	-0.0	-0.0	-0.0	0.0	0.0	0.0	-0.0	-0.0	0.0	0.0	0.0	-0.0	0.0	-0.0	-0.0	0.0	-0.0	-0.0	-0.0	0.0	-0.0	-0.0	0.0	0.0	0.0	-0.0	0.0	-0.0	-0.0	0.0	-0.0	-0.0	-0.0	0.0	0.0	0.0	0.0	0.0	-0.0
TL1a_DTT_233	-0.7911209979661269	-1.304399326082596	-0.09831897106203946	-0.0	0.0	-0.0	-0.0	-0.0	-0.0	0.0	-0.0	0.0	0.0	-0.0	-0.0	-0.0	0.0	0.0	-0.0	-0.0	0.0	0.0	0.0	-0.0	0.0	0.0	-0.0	-0.0	-0.0	-0.0	0.0	0.0	-0.0	0.0	0.0	0.0	0.0	0.0	-0.0	0.0	-0.0	-0.0	-0.0	-0.0	0.0	-0.0	-0.0	0.0	0.0	-0.0	-0.0	-0.0	0.0	-0.0	-0.0	0.0	-0.0	0.0	0.0	0.0	0.0	0.0	-0.0	-0.0	-0.0	-0.0	0.0	0.0	0.0	0.0	0.0	-0.0	-0.0	-0.0	0.0	-0.0	-0.0	-0.0	-0.0	-0.0	-0.0	-0.0	0.0	-0.0	-0.0	0.0	0.0	-0.0	0.0	0.0	-0.0	-0.0	-0.0	0.0	0.0	0.0
TL1a_DTT_195	-0.34666452742789455	2.2539401746323326	-0.1677024738114127	-0.0	-0.0	0.0	0.0	0.0	-0.0	0.0	0.0	-0.0	-0.0	-0.0	-0.0	0.0	0.0	0.0	0.0	-0.0	0.0	-0.0	-0.0	0.0	-0.0	-0.0	0.0	0.0	0.0	0.0	-0.0	-0.0	-0.0	-0.0	-0.0	-0.0	0.0	0.0	0.0	0.0	0.0	-0.0	0.0	-0.0	0.0	0.0	-0.0	0.0	-0.0	-0.0	-0.0	-0.0	0.0	0.0	0.0	0.0	0.0	0.0	0.0	0.0	-0.0	-0.0	0.0	-0.0	0.0	0.0	0.0	0.0	-0.0	0.0	-0.0	-0.0	0.0	0.0	0.0	-0.0	-0.0	0.0	-0.0	-0.0	-0.0	-0.0	0.0	0.0	0.0	-0.0	-0.0	-0.0	0.0	-0.0	0.0	-0.0	-0.0	-0.0	-0.0	-0.0
TL1a_DTT_85	-1.058966833307642	-0.7966851574301962	0.010522887244221958	0.0	0.0	-0.0	0.0	0.0	0.0	-0.0	-0.0	0.0	-0.0	-0.0	0.0	0.0	-0.0	-0.0	-0.0	0.0	0.0	0.0	0.0	-0.0	-0.0	0.0	0.0	-0.0	0.0	0.0	-0.0	-0.0	-0.0	0.0	-0.0	-0.0	0.0	0.0	0.0	0.0	0.0	0.0	0.0	0.0	0.0	0.0	0.0	0.0	0.0	0.0	0.0	0.0	0.0	0.0	-0.0	-0.0	0.0	-0.0	-0.0	0.0	0.0	0.0	-0.0	0.0	0.0	-0.0	-0.0	-0.0	-0.0	-0.0	-0.0	-0.0	-0.0	0.0	-0.0	-0.0	0.0	0.0	-0.0	-0.0	-0.0	0.0	-0.0	0.0	-0.0	-0.0	-0.0	0.0	0.0	-0.0	-0.0	0.0	0.0	-0.0	-0.0	0.0
TL1a_DTT_86	-1.0598119492103635	-0.6662968723447082	-0.0544246910942207	0.0	-0.0	-0.0	0.0	0.0	-0.0	0.0	0.0	-0.0	0.0	-0.0	0.0	0.0	-0.0	-0.0	-0.0	-0.0	-0.0	0.0	0.0	-0.0	-0.0	0.0	-0.0	-0.0	0.0	0.0	0.0	-0.0	0.0	-0.0	0.0	0.0	0.0	-0.0	-0.0	0.0	-0.0	-0.0	0.0	0.0	-0.0	0.0	-0.0	-0.0	-0.0	-0.0	0.0	-0.0	0.0	0.0	0.0	-0.0	0.0	-0.0	0.0	-0.0	-0.0	0.0	0.0	0.0	-0.0	0.0	0.0	0.0	0.0	0.0	-0.0	-0.0	-0.0	0.0	0.0	-0.0	0.0	0.0	-0.0	0.0	0.0	-0.0	-0.0	0.0	-0.0	0.0	0.0	0.0	-0.0	0.0	0.0	-0.0	-0.0	0.0	-0.0	-0.0
TL1a_DTT_193	0.1949075920951889	1.8474144113788402	0.37546196977927737	-0.0	0.0	-0.0	0.0	0.0	0.0	-0.0	0.0	-0.0	0.0	0.0	-0.0	0.0	-0.0	-0.0	0.0	0.0	0.0	-0.0	-0.0	-0.0	-0.0	0.0	-0.0	-0.0	-0.0	-0.0	0.0	0.0	-0.0	-0.0	0.0	0.0	0.0	-0.0	-0.0	-0.0	-0.0	-0.0	0.0	-0.0	0.0	-0.0	-0.0	-0.0	-0.0	0.0	-0.0	-0.0	-0.0	0.0	0.0	0.0	-0.0	0.0	0.0	-0.0	-0.0	0.0	0.0	-0.0	0.0	-0.0	0.0	0.0	-0.0	-0.0	-0.0	-0.0	-0.0	-0.0	-0.0	0.0	-0.0	0.0	0.0	-0.0	0.0	0.0	-0.0	-0.0	-0.0	0.0	0.0	0.0	-0.0	0.0	-0.0	0.0	-0.0	0.0	-0.0	0.0
TL1a_DTT_286	-0.8868227081543419	-0.4022262893616007	-0.08531840464486934	0.0	0.0	0.0	-0.0	-0.0	0.0	-0.0	-0.0	-0.0	-0.0	0.0	0.0	0.0	-0.0	0.0	0.0	-0.0	-0.0	-0.0	-0.0	-0.0	0.0	-0.0	-0.0	-0.0	-0.0	-0.0	-0.0	0.0	-0.0	0.0	0.0	0.0	-0.0	0.0	-0.0	0.0	0.0	-0.0	-0.0	-0.0	0.0	0.0	0.0	-0.0	0.0	-0.0	0.0	0.0	-0.0	0.0	0.0	-0.0	0.0	-0.0	0.0	-0.0	-0.0	0.0	0.0	-0.0	0.0	-0.0	0.0	0.0	0.0	-0.0	-0.0	-0.0	0.0	-0.0	-0.0	0.0	-0.0	-0.0	-0.0	-0.0	-0.0	-0.0	0.0	0.0	0.0	0.0	0.0	0.0	-0.0	-0.0	0.0	0.0	-0.0	-0.0	-0.0	0.0
TL1a_DTT_230	-1.2190778472318	-0.03493044143897812	-0.3742992306817694	0.0	0.0	0.0	0.0	0.0	0.0	-0.0	0.0	-0.0	0.0	0.0	0.0	-0.0	-0.0	0.0	-0.0	0.0	-0.0	0.0	-0.0	0.0	-0.0	-0.0	0.0	-0.0	0.0	-0.0	0.0	-0.0	-0.0	-0.0	-0.0	0.0	0.0	0.0	-0.0	0.0	-0.0	0.0	-0.0	-0.0	-0.0	-0.0	-0.0	0.0	-0.0	0.0	-0.0	-0.0	-0.0	-0.0	-0.0	0.0	-0.0	-0.0	0.0	-0.0	-0.0	-0.0	0.0	0.0	-0.0	-0.0	0.0	0.0	-0.0	0.0	-0.0	-0.0	-0.0	-0.0	0.0	0.0	0.0	0.0	0.0	-0.0	-0.0	0.0	-0.0	0.0	0.0	0.0	-0.0	0.0	-0.0	-0.0	-0.0	-0.0	-0.0	0.0	0.0	-0.0
TL1a_DTT_128	-0.6223803696118224	1.4823207185292055	-0.2995213807357559	0.0	-0.0	-0.0	-0.0	-0.0	-0.0	-0.0	0.0	-0.0	-0.0	0.0	-0.0	0.0	0.0	-0.0	-0.0	0.0	-0.0	0.0	0.0	0.0	0.0	0.0	0.0	0.0	0.0	-0.0	-0.0	0.0	-0.0	0.0	-0.0	-0.0	-0.0	-0.0	0.0	0.0	0.0	-0.0	-0.0	-0.0	-0.0	-0.0	0.0	-0.0	0.0	0.0	0.0	0.0	0.0	-0.0	-0.0	0.0	-0.0	-0.0	0.0	0.0	0.0	0.0	-0.0	0.0	0.0	-0.0	-0.0	0.0	0.0	0.0	-0.0	-0.0	0.0	-0.0	0.0	0.0	-0.0	-0.0	-0.0	0.0	0.0	-0.0	0.0	-0.0	0.0	-0.0	0.0	0.0	-0.0	-0.0	0.0	-0.0	-0.0	-0.0	0.0	-0.0
TL1a_DTT_283	-1.2620357511355256	-0.21279658586390615	-0.15811863880475707	-0.0	-0.0	-0.0	-0.0	-0.0	0.0	-0.0	-0.0	-0.0	-0.0	0.0	0.0	0.0	-0.0	-0.0	-0.0	0.0	0.0	0.0	-0.0	0.0	0.0	-0.0	-0.0	-0.0	0.0	-0.0	0.0	-0.0	0.0	-0.0	0.0	-0.0	0.0	-0.0	0.0	0.0	0.0	-0.0	-0.0	0.0	0.0	-0.0	-0.0	-0.0	-0.0	-0.0	-0.0	-0.0	-0.0	-0.0	0.0	-0.0	-0.0	0.0	-0.0	0.0	-0.0	0.0	-0.0	0.0	-0.0	0.0	-0.0	0.0	-0.0	0.0	0.0	-0.0	-0.0	0.0	-0.0	0.0	-0.0	0.0	-0.0	0.0	-0.0	-0.0	0.0	-0.0	0.0	0.0	0.0	0.0	0.0	-0.0	0.0	0.0	-0.0	-0.0	-0.0	-0.0
TL1a_DTT_194	-0.1674474486998576	1.2140538209452343	0.33984887303734823	-0.0	-0.0	-0.0	0.0	-0.0	0.0	-0.0	0.0	0.0	-0.0	-0.0	-0.0	-0.0	0.0	0.0	0.0	-0.0	0.0	0.0	0.0	0.0	-0.0	0.0	-0.0	0.0	0.0	0.0	0.0	-0.0	-0.0	0.0	0.0	-0.0	-0.0	-0.0	-0.0	-0.0	-0.0	0.0	0.0	0.0	-0.0	0.0	-0.0	0.0	-0.0	0.0	-0.0	0.0	0.0	-0.0	-0.0	-0.0	0.0	-0.0	0.0	-0.0	-0.0	0.0	-0.0	0.0	0.0	-0.0	0.0	0.0	-0.0	-0.0	-0.0	-0.0	0.0	0.0	-0.0	0.0	0.0	-0.0	0.0	0.0	-0.0	-0.0	0.0	0.0	0.0	-0.0	-0.0	-0.0	-0.0	-0.0	-0.0	0.0	0.0	-0.0	0.0	-0.0
TL1a_DTT_229	1.8132706075622615	0.14857419806659028	-0.2838168003338099	0.0	0.0	-0.0	-0.0	0.0	-0.0	0.0	-0.0	-0.0	0.0	0.0	0.0	-0.0	-0.0	0.0	0.0	-0.0	0.0	-0.0	-0.0	0.0	0.0	0.0	0.0	-0.0	0.0	0.0	-0.0	0.0	-0.0	0.0	-0.0	-0.0	-0.0	0.0	0.0	0.0	-0.0	-0.0	0.0	0.0	-0.0	-0.0	-0.0	-0.0	0.0	0.0	-0.0	-0.0	0.0	0.0	-0.0	-0.0	0.0	0.0	0.0	0.0	0.0	-0.0	0.0	0.0	-0.0	-0.0	-0.0	0.0	-0.0	-0.0	-0.0	-0.0	-0.0	-0.0	-0.0	0.0	0.0	0.0	0.0	0.0	0.0	-0.0	-0.0	0.0	0.0	-0.0	-0.0	-0.0	0.0	0.0	0.0	0.0	-0.0	0.0	-0.0	-0.0
TL1a_FP_283	-1.3367384146678676	-0.08115264494151492	-0.2635444677116202	-0.0	-0.0	0.0	-0.0	-0.0	0.0	-0.0	0.0	-0.0	-0.0	0.0	-0.0	-0.0	0.0	0.0	0.0	0.0	0.0	0.0	-0.0	0.0	0.0	-0.0	0.0	-0.0	0.0	0.0	0.0	-0.0	0.0	0.0	0.0	0.0	-0.0	-0.0	-0.0	-0.0	-0.0	0.0	-0.0	-0.0	-0.0	-0.0	0.0	-0.0	-0.0	-0.0	0.0	-0.0	0.0	0.0	0.0	0.0	0.0	0.0	0.0	0.0	0.0	-0.0	-0.0	-0.0	-0.0	-0.0	-0.0	0.0	-0.0	-0.0	-0.0	-0.0	-0.0	0.0	-0.0	0.0	-0.0	-0.0	0.0	-0.0	-0.0	-0.0	-0.0	-0.0	-0.0	-0.0	-0.0	0.0	-0.0	0.0	0.0	-0.0	0.0	-0.0	-0.0	0.0
TL1a_FP_229	-1.0238725719899526	-1.231851421492205	0.23641504895123483	0.0	-0.0	-0.0	-0.0	-0.0	-0.0	-0.0	-0.0	-0.0	0.0	0.0	-0.0	-0.0	-0.0	-0.0	-0.0	-0.0	-0.0	0.0	-0.0	-0.0	-0.0	-0.0	-0.0	0.0	0.0	0.0	0.0	0.0	0.0	-0.0	-0.0	0.0	0.0	0.0	-0.0	-0.0	0.0	0.0	-0.0	-0.0	0.0	0.0	0.0	0.0	-0.0	0.0	-0.0	-0.0	0.0	0.0	-0.0	-0.0	-0.0	0.0	-0.0	-0.0	-0.0	0.0	-0.0	-0.0	-0.0	-0.0	-0.0	0.0	-0.0	-0.0	-0.0	-0.0	-0.0	-0.0	-0.0	-0.0	0.0	-0.0	-0.0	-0.0	0.0	0.0	0.0	-0.0	-0.0	0.0	-0.0	0.0	-0.0	-0.0	0.0	-0.0	-0.0	-0.0	0.0	0.0
TL1a_DTT_87	-1.06269120507261	-0.34632013392890076	-0.034926580513336795	0.0	-0.0	-0.0	0.0	0.0	-0.0	-0.0	-0.0	0.0	0.0	-0.0	-0.0	-0.0	0.0	0.0	0.0	0.0	-0.0	0.0	0.0	-0.0	0.0	0.0	-0.0	0.0	-0.0	0.0	0.0	-0.0	-0.0	0.0	0.0	-0.0	-0.0	-0.0	-0.0	0.0	0.0	-0.0	-0.0	0.0	-0.0	-0.0	-0.0	-0.0	-0.0	-0.0	-0.0	-0.0	0.0	-0.0	0.0	-0.0	0.0	-0.0	0.0	0.0	-0.0	-0.0	-0.0	-0.0	0.0	0.0	0.0	0.0	-0.0	-0.0	-0.0	-0.0	0.0	-0.0	0.0	0.0	0.0	0.0	-0.0	-0.0	-0.0	0.0	-0.0	-0.0	0.0	0.0	-0.0	-0.0	0.0	-0.0	0.0	0.0	-0.0	-0.0	0.0	0.0
TL1a_DTT_266	0.7782517217619601	0.8914542060540667	0.0914003016156954	0.0	0.0	0.0	0.0	0.0	0.0	-0.0	-0.0	0.0	0.0	-0.0	-0.0	0.0	-0.0	-0.0	-0.0	0.0	0.0	0.0	0.0	-0.0	-0.0	-0.0	0.0	-0.0	0.0	0.0	0.0	0.0	0.0	-0.0	0.0	-0.0	0.0	-0.0	0.0	0.0	0.0	0.0	0.0	-0.0	-0.0	0.0	0.0	-0.0	0.0	-0.0	-0.0	0.0	0.0	-0.0	0.0	-0.0	-0.0	0.0	0.0	-0.0	0.0	-0.0	0.0	0.0	-0.0	-0.0	-0.0	0.0	-0.0	-0.0	-0.0	0.0	0.0	0.0	0.0	-0.0	-0.0	-0.0	0.0	-0.0	0.0	0.0	0.0	-0.0	0.0	-0.0	0.0	0.0	0.0	0.0	-0.0	0.0	-0.0	0.0	0.0	0.0
TL1a_DTT_232	0.2906779434095256	-1.79198910124514	0.10930653300132699	-0.0	0.0	0.0	0.0	-0.0	-0.0	0.0	-0.0	0.0	-0.0	-0.0	-0.0	0.0	0.0	0.0	0.0	0.0	0.0	-0.0	-0.0	0.0	-0.0	0.0	0.0	0.0	0.0	-0.0	-0.0	-0.0	-0.0	0.0	-0.0	-0.0	-0.0	0.0	-0.0	-0.0	-0.0	-0.0	0.0	-0.0	-0.0	0.0	0.0	0.0	-0.0	-0.0	0.0	-0.0	-0.0	-0.0	-0.0	0.0	0.0	-0.0	0.0	0.0	-0.0	0.0	0.0	-0.0	-0.0	-0.0	-0.0	-0.0	-0.0	0.0	0.0	-0.0	0.0	0.0	-0.0	-0.0	-0.0	0.0	-0.0	0.0	-0.0	0.0	0.0	0.0	0.0	0.0	0.0	-0.0	-0.0	0.0	0.0	0.0	0.0	-0.0	-0.0	-0.0
TL1A_DTT_673	1.2168081789145517	-1.000760082339727	-0.04678370662772229	0.0	0.0	-0.0	0.0	0.0	0.0	0.0	0.0	0.0	0.0	0.0	-0.0	-0.0	-0.0	0.0	0.0	-0.0	-0.0	-0.0	0.0	-0.0	0.0	0.0	0.0	-0.0	0.0	-0.0	-0.0	-0.0	0.0	0.0	0.0	0.0	0.0	-0.0	-0.0	0.0	0.0	0.0	0.0	-0.0	0.0	-0.0	-0.0	0.0	0.0	-0.0	-0.0	-0.0	0.0	0.0	0.0	0.0	-0.0	-0.0	0.0	-0.0	-0.0	0.0	-0.0	-0.0	0.0	0.0	-0.0	-0.0	-0.0	0.0	0.0	-0.0	0.0	0.0	0.0	0.0	0.0	-0.0	-0.0	-0.0	-0.0	-0.0	-0.0	-0.0	-0.0	-0.0	0.0	0.0	0.0	0.0	0.0	0.0	0.0	0.0	-0.0	-0.0
TL1A_FP_626	-0.15667591418796106	-0.8229076257111532	-0.027303325409360507	0.0	0.0	-0.0	-0.0	-0.0	0.0	-0.0	-0.0	0.0	-0.0	-0.0	-0.0	-0.0	-0.0	0.0	0.0	0.0	0.0	-0.0	0.0	-0.0	-0.0	0.0	-0.0	0.0	-0.0	-0.0	-0.0	-0.0	0.0	0.0	0.0	0.0	0.0	-0.0	0.0	0.0	0.0	-0.0	-0.0	0.0	0.0	0.0	-0.0	-0.0	0.0	0.0	-0.0	0.0	-0.0	0.0	0.0	-0.0	0.0	0.0	0.0	0.0	0.0	-0.0	0.0	0.0	0.0	-0.0	0.0	0.0	0.0	0.0	0.0	-0.0	0.0	0.0	0.0	-0.0	-0.0	0.0	-0.0	-0.0	0.0	-0.0	0.0	-0.0	-0.0	0.0	-0.0	-0.0	0.0	0.0	-0.0	-0.0	0.0	0.0	-0.0	-0.0
TL1A_DTT_675	-0.4989710762593385	-1.250649579134749	0.12305313657630766	-0.0	-0.0	-0.0	-0.0	0.0	-0.0	-0.0	0.0	-0.0	0.0	0.0	-0.0	0.0	-0.0	-0.0	0.0	-0.0	0.0	-0.0	-0.0	0.0	-0.0	-0.0	-0.0	0.0	0.0	-0.0	0.0	-0.0	-0.0	0.0	-0.0	-0.0	0.0	-0.0	0.0	0.0	0.0	-0.0	0.0	0.0	0.0	0.0	0.0	-0.0	0.0	-0.0	0.0	-0.0	-0.0	-0.0	0.0	-0.0	-0.0	0.0	0.0	0.0	-0.0	-0.0	-0.0	0.0	-0.0	0.0	0.0	0.0	-0.0	0.0	-0.0	-0.0	-0.0	-0.0	-0.0	-0.0	0.0	-0.0	0.0	-0.0	-0.0	0.0	-0.0	0.0	0.0	0.0	0.0	-0.0	-0.0	-0.0	0.0	0.0	0.0	0.0	-0.0	-0.0
TL1A_DTT_626	-0.1368813731823981	-1.1376932767579542	0.013993599147833848	-0.0	0.0	0.0	-0.0	0.0	0.0	0.0	0.0	-0.0	0.0	-0.0	0.0	-0.0	-0.0	0.0	0.0	0.0	-0.0	0.0	0.0	0.0	-0.0	-0.0	-0.0	0.0	-0.0	-0.0	-0.0	0.0	-0.0	0.0	0.0	-0.0	-0.0	-0.0	0.0	-0.0	0.0	0.0	-0.0	0.0	0.0	-0.0	-0.0	-0.0	0.0	0.0	-0.0	-0.0	0.0	-0.0	-0.0	0.0	-0.0	0.0	0.0	-0.0	0.0	0.0	0.0	0.0	0.0	-0.0	0.0	0.0	-0.0	0.0	0.0	-0.0	0.0	-0.0	-0.0	0.0	0.0	0.0	-0.0	0.0	-0.0	0.0	0.0	-0.0	0.0	-0.0	-0.0	-0.0	-0.0	0.0	0.0	-0.0	0.0	-0.0	-0.0	-0.0
TL1A_DTT_629	2.319643872796842	-0.15872222898190194	-1.1088219518704243	-0.0	-0.0	-0.0	0.0	0.0	0.0	0.0	0.0	0.0	-0.0	0.0	-0.0	-0.0	0.0	-0.0	0.0	0.0	-0.0	0.0	0.0	-0.0	-0.0	-0.0	0.0	0.0	-0.0	0.0	-0.0	-0.0	0.0	0.0	0.0	0.0	-0.0	0.0	0.0	-0.0	0.0	-0.0	-0.0	-0.0	0.0	0.0	0.0	0.0	-0.0	-0.0	0.0	0.0	-0.0	0.0	0.0	-0.0	0.0	0.0	-0.0	-0.0	0.0	0.0	-0.0	-0.0	-0.0	-0.0	0.0	0.0	-0.0	-0.0	-0.0	-0.0	-0.0	0.0	0.0	0.0	0.0	-0.0	0.0	0.0	-0.0	-0.0	0.0	0.0	0.0	0.0	-0.0	-0.0	0.0	-0.0	0.0	-0.0	0.0	0.0	0.0	-0.0
TL1A_FP_677	1.0883980480531803	-0.6288210131896323	-0.6502868073856011	-0.0	0.0	0.0	0.0	-0.0	-0.0	-0.0	0.0	-0.0	0.0	0.0	0.0	-0.0	0.0	0.0	-0.0	-0.0	0.0	-0.0	0.0	-0.0	-0.0	0.0	-0.0	0.0	0.0	0.0	0.0	-0.0	0.0	0.0	-0.0	-0.0	0.0	-0.0	-0.0	-0.0	0.0	-0.0	0.0	-0.0	-0.0	-0.0	-0.0	0.0	0.0	-0.0	-0.0	0.0	-0.0	0.0	-0.0	0.0	-0.0	-0.0	0.0	0.0	0.0	0.0	0.0	0.0	0.0	-0.0	-0.0	0.0	-0.0	-0.0	-0.0	-0.0	0.0	-0.0	0.0	0.0	0.0	-0.0	-0.0	-0.0	-0.0	-0.0	0.0	-0.0	-0.0	0.0	-0.0	0.0	0.0	-0.0	0.0	-0.0	-0.0	0.0	0.0	-0.0
TL1A_FP_674	-0.20435591121973934	-0.943833124172448	0.22868273973210268	-0.0	-0.0	0.0	0.0	-0.0	0.0	0.0	0.0	0.0	0.0	-0.0	-0.0	-0.0	0.0	0.0	0.0	-0.0	-0.0	0.0	0.0	0.0	-0.0	0.0	-0.0	-0.0	-0.0	-0.0	0.0	0.0	-0.0	0.0	0.0	-0.0	-0.0	0.0	-0.0	-0.0	0.0	-0.0	-0.0	-0.0	0.0	-0.0	-0.0	-0.0	-0.0	-0.0	0.0	-0.0	-0.0	-0.0	-0.0	-0.0	-0.0	0.0	-0.0	-0.0	0.0	-0.0	-0.0	0.0	0.0	-0.0	-0.0	0.0	-0.0	0.0	-0.0	-0.0	-0.0	-0.0	-0.0	-0.0	0.0	0.0	-0.0	0.0	0.0	0.0	0.0	0.0	-0.0	-0.0	0.0	0.0	0.0	-0.0	-0.0	0.0	-0.0	0.0	-0.0	-0.0
TL1A_FP_678	0.5904854584877068	-0.7130153951089906	-0.4773848617321925	0.0	-0.0	0.0	0.0	-0.0	0.0	0.0	-0.0	0.0	-0.0	-0.0	-0.0	0.0	-0.0	-0.0	0.0	0.0	0.0	-0.0	-0.0	0.0	-0.0	-0.0	-0.0	0.0	0.0	0.0	-0.0	0.0	0.0	0.0	-0.0	-0.0	-0.0	-0.0	-0.0	0.0	-0.0	-0.0	-0.0	0.0	0.0	0.0	-0.0	-0.0	-0.0	0.0	-0.0	0.0	-0.0	-0.0	-0.0	-0.0	-0.0	-0.0	0.0	-0.0	0.0	0.0	-0.0	-0.0	0.0	0.0	-0.0	0.0	-0.0	-0.0	0.0	-0.0	-0.0	-0.0	0.0	-0.0	-0.0	-0.0	0.0	-0.0	-0.0	0.0	-0.0	0.0	-0.0	-0.0	-0.0	0.0	-0.0	0.0	0.0	0.0	-0.0	-0.0	-0.0	-0.0
TL1A_DTT_674	-0.45655690833186846	-1.012231975775622	-0.04719890027315858	0.0	0.0	0.0	0.0	0.0	0.0	0.0	0.0	-0.0	-0.0	0.0	-0.0	0.0	0.0	-0.0	0.0	-0.0	0.0	-0.0	-0.0	-0.0	-0.0	0.0	-0.0	-0.0	-0.0	-0.0	-0.0	0.0	0.0	0.0	-0.0	-0.0	-0.0	-0.0	0.0	0.0	0.0	0.0	0.0	0.0	-0.0	-0.0	0.0	-0.0	-0.0	-0.0	0.0	0.0	-0.0	0.0	-0.0	0.0	-0.0	0.0	-0.0	0.0	0.0	0.0	0.0	0.0	0.0	-0.0	-0.0	0.0	-0.0	0.0	-0.0	-0.0	-0.0	0.0	0.0	-0.0	0.0	-0.0	0.0	-0.0	-0.0	-0.0	-0.0	-0.0	0.0	0.0	-0.0	-0.0	0.0	0.0	-0.0	0.0	0.0	-0.0	0.0	0.0
TL1A_DTT_627	-0.4393171475344809	-0.7981786316995392	-0.6299620764021219	-0.0	-0.0	0.0	0.0	0.0	-0.0	-0.0	0.0	0.0	0.0	-0.0	0.0	0.0	-0.0	-0.0	0.0	-0.0	0.0	-0.0	-0.0	0.0	-0.0	-0.0	0.0	0.0	0.0	0.0	0.0	0.0	-0.0	0.0	0.0	-0.0	-0.0	-0.0	-0.0	-0.0	-0.0	-0.0	-0.0	0.0	0.0	0.0	-0.0	-0.0	-0.0	0.0	0.0	0.0	0.0	0.0	-0.0	0.0	0.0	0.0	-0.0	-0.0	-0.0	-0.0	-0.0	-0.0	-0.0	0.0	-0.0	0.0	0.0	-0.0	0.0	-0.0	0.0	-0.0	0.0	-0.0	0.0	-0.0	-0.0	0.0	-0.0	-0.0	0.0	-0.0	0.0	0.0	0.0	-0.0	0.0	-0.0	-0.0	-0.0	0.0	-0.0	-0.0	-0.0
TL1A_FP_625	-0.09287126300299332	-1.3550385290787799	0.09604288946653144	-0.0	-0.0	-0.0	-0.0	0.0	0.0	-0.0	-0.0	-0.0	-0.0	0.0	0.0	0.0	0.0	0.0	-0.0	-0.0	-0.0	0.0	0.0	-0.0	-0.0	0.0	-0.0	-0.0	0.0	0.0	0.0	0.0	0.0	-0.0	0.0	0.0	0.0	0.0	0.0	-0.0	0.0	0.0	-0.0	0.0	0.0	-0.0	-0.0	0.0	-0.0	0.0	0.0	0.0	0.0	-0.0	0.0	0.0	0.0	-0.0	-0.0	0.0	-0.0	-0.0	0.0	0.0	0.0	-0.0	-0.0	0.0	-0.0	0.0	0.0	-0.0	0.0	0.0	0.0	0.0	-0.0	0.0	0.0	-0.0	-0.0	-0.0	0.0	-0.0	-0.0	0.0	-0.0	0.0	-0.0	-0.0	0.0	-0.0	0.0	-0.0	-0.0	-0.0
TL1A_FP_630	0.877322237463613	-1.1095061215791495	0.1791346098110973	-0.0	-0.0	-0.0	0.0	-0.0	0.0	0.0	-0.0	0.0	-0.0	0.0	0.0	0.0	0.0	-0.0	-0.0	0.0	0.0	0.0	-0.0	0.0	-0.0	0.0	0.0	-0.0	-0.0	-0.0	-0.0	0.0	0.0	0.0	0.0	-0.0	0.0	0.0	-0.0	-0.0	0.0	-0.0	-0.0	-0.0	-0.0	0.0	-0.0	0.0	0.0	0.0	0.0	0.0	0.0	0.0	-0.0	-0.0	-0.0	0.0	0.0	-0.0	-0.0	-0.0	0.0	-0.0	0.0	0.0	-0.0	0.0	-0.0	-0.0	-0.0	0.0	-0.0	-0.0	-0.0	-0.0	0.0	-0.0	0.0	0.0	0.0	-0.0	-0.0	0.0	-0.0	-0.0	0.0	-0.0	0.0	0.0	-0.0	-0.0	-0.0	-0.0	0.0	-0.0
TL1A_FP_673	-0.46365002880898787	-1.521784910968181	0.023115193398252173	-0.0	0.0	0.0	0.0	-0.0	-0.0	-0.0	-0.0	-0.0	-0.0	0.0	-0.0	0.0	0.0	0.0	-0.0	0.0	-0.0	0.0	0.0	-0.0	0.0	-0.0	-0.0	0.0	0.0	0.0	0.0	-0.0	0.0	0.0	-0.0	0.0	-0.0	-0.0	-0.0	0.0	-0.0	-0.0	-0.0	-0.0	-0.0	0.0	0.0	0.0	-0.0	0.0	0.0	0.0	-0.0	0.0	0.0	0.0	-0.0	0.0	-0.0	0.0	0.0	-0.0	-0.0	0.0	0.0	-0.0	-0.0	0.0	0.0	-0.0	0.0	-0.0	0.0	0.0	0.0	-0.0	0.0	0.0	0.0	-0.0	-0.0	0.0	-0.0	-0.0	0.0	0.0	-0.0	-0.0	-0.0	0.0	-0.0	0.0	0.0	0.0	0.0	0.0
TL1A_FP_675	-0.65422648248377	-0.64422808980229	-0.05477480254015163	0.0	-0.0	0.0	-0.0	0.0	0.0	0.0	-0.0	-0.0	0.0	0.0	-0.0	-0.0	0.0	0.0	0.0	0.0	-0.0	0.0	-0.0	-0.0	0.0	-0.0	-0.0	-0.0	-0.0	-0.0	-0.0	0.0	-0.0	0.0	-0.0	-0.0	0.0	-0.0	0.0	-0.0	-0.0	-0.0	0.0	-0.0	-0.0	0.0	0.0	-0.0	0.0	0.0	-0.0	0.0	0.0	-0.0	0.0	0.0	-0.0	-0.0	-0.0	0.0	0.0	0.0	-0.0	0.0	0.0	-0.0	-0.0	0.0	-0.0	0.0	-0.0	-0.0	0.0	-0.0	-0.0	0.0	-0.0	-0.0	-0.0	0.0	-0.0	0.0	0.0	0.0	-0.0	-0.0	0.0	0.0	0.0	-0.0	-0.0	0.0	-0.0	0.0	0.0	-0.0
TL1A_DTT_630	1.3858734814373737	-0.6481439475599134	0.13493165944698107	0.0	0.0	0.0	-0.0	0.0	0.0	0.0	0.0	-0.0	0.0	-0.0	-0.0	0.0	0.0	-0.0	0.0	0.0	0.0	0.0	0.0	0.0	0.0	-0.0	-0.0	-0.0	0.0	-0.0	0.0	0.0	0.0	-0.0	0.0	-0.0	0.0	-0.0	-0.0	0.0	0.0	-0.0	-0.0	-0.0	-0.0	0.0	0.0	0.0	0.0	0.0	0.0	-0.0	-0.0	0.0	-0.0	-0.0	0.0	-0.0	-0.0	-0.0	-0.0	-0.0	0.0	0.0	-0.0	0.0	0.0	0.0	-0.0	-0.0	0.0	-0.0	-0.0	-0.0	-0.0	0.0	-0.0	0.0	-0.0	0.0	0.0	-0.0	-0.0	-0.0	0.0	0.0	-0.0	0.0	-0.0	-0.0	0.0	-0.0	-0.0	0.0	0.0	0.0
TL1A_DTT_628	0.5547908822784785	-0.9082822115014293	0.13408702906722034	0.0	0.0	0.0	0.0	0.0	0.0	-0.0	0.0	0.0	-0.0	0.0	0.0	0.0	0.0	-0.0	0.0	-0.0	0.0	0.0	0.0	-0.0	0.0	0.0	-0.0	0.0	-0.0	-0.0	0.0	-0.0	-0.0	-0.0	0.0	-0.0	-0.0	-0.0	0.0	-0.0	-0.0	-0.0	0.0	0.0	-0.0	0.0	-0.0	0.0	-0.0	-0.0	-0.0	0.0	0.0	-0.0	-0.0	0.0	-0.0	0.0	-0.0	-0.0	-0.0	-0.0	-0.0	-0.0	-0.0	0.0	-0.0	0.0	-0.0	-0.0	0.0	-0.0	-0.0	0.0	0.0	0.0	-0.0	-0.0	0.0	-0.0	0.0	0.0	-0.0	0.0	0.0	0.0	-0.0	-0.0	0.0	0.0	-0.0	-0.0	0.0	-0.0	-0.0	-0.0
TL1A_FP_627	-0.2704219776351381	-0.8664850501355335	-0.08319815573961667	0.0	-0.0	-0.0	-0.0	-0.0	-0.0	0.0	0.0	0.0	0.0	0.0	0.0	0.0	0.0	0.0	-0.0	-0.0	0.0	-0.0	-0.0	-0.0	-0.0	-0.0	-0.0	-0.0	0.0	-0.0	0.0	-0.0	-0.0	-0.0	-0.0	0.0	-0.0	-0.0	0.0	-0.0	-0.0	-0.0	-0.0	-0.0	-0.0	0.0	-0.0	0.0	0.0	-0.0	-0.0	0.0	-0.0	-0.0	0.0	-0.0	0.0	0.0	-0.0	-0.0	-0.0	0.0	0.0	0.0	-0.0	0.0	-0.0	0.0	-0.0	-0.0	0.0	-0.0	-0.0	0.0	0.0	0.0	-0.0	0.0	-0.0	0.0	-0.0	0.0	0.0	0.0	-0.0	-0.0	0.0	0.0	0.0	0.0	-0.0	-0.0	0.0	-0.0	0.0	0.0

Biplot	0	0

Site constraints	0	0
