Eigvals	14
14.244366535600358	14.235310613406272	1.331986913192349	0.0	0.0	0.0	0.0	0.0	0.0	0.0	0.0	0.0	0.0	0.0

Proportion explained	14
0.477811855986333	0.4775080848793196	0.04468005913434738	0.0	0.0	0.0	0.0	0.0	0.0	0.0	0.0	0.0	0.0	0.0

Species	0	0

Site	14	14
TL1a_FP_162	2.7747156655494343	-0.6092377661439737	0.0877588803853549	0.0	0.0	0.0	0.0	0.0	0.0	0.0	0.0	0.0	0.0	-0.0
TL1a_FP_234	-1.0531760786917554	1.064137522882315	-0.35429863742318807	-0.0	-0.0	-0.0	-0.0	0.0	-0.0	-0.0	0.0	-0.0	0.0	-0.0
TL1a_FP_198	-0.3475859069765696	-2.3511892594277133	-0.4012132156424617	0.0	-0.0	0.0	0.0	-0.0	0.0	-0.0	-0.0	0.0	0.0	-0.0
TL1a_FP_132	-0.6818528020629776	-0.8525874528400158	0.25593708274346466	0.0	0.0	0.0	-0.0	0.0	-0.0	-0.0	-0.0	0.0	0.0	-0.0
TL1a_FP_90	0.4935560147025472	0.5125625077278863	0.0052343722434542396	0.0	-0.0	0.0	0.0	0.0	-0.0	-0.0	-0.0	0.0	-0.0	-0.0
TL1a_FP_288	-0.6978512218101359	0.16971133402580005	-0.29867421070179584	-0.0	0.0	0.0	-0.0	0.0	0.0	0.0	-0.0	0.0	-0.0	-0.0
TL1a_DTT_90_Repeat	-0.00880237549804675	0.5783962873041099	0.5981154114400551	-0.0	-0.0	0.0	0.0	-0.0	0.0	-0.0	-0.0	-0.0	0.0	-0.0
TL1a_DTT_198_Repeat	-0.6159674336624574	-1.0072257545756844	0.4080498194372263	-0.0	-0.0	0.0	-0.0	0.0	0.0	-0.0	0.0	0.0	-0.0	-0.0
TL1a_FP_270	0.39573745043096226	-0.8744016111443176	-0.3373936290395213	-0.0	-0.0	-0.0	-0.0	-0.0	-0.0	-0.0	-0.0	0.0	-0.0	0.0
TL1a_DTT_270_Repeat	-1.4853514628598103	-0.21758674655909765	0.1754177239138455	0.0	0.0	-0.0	0.0	-0.0	-0.0	0.0	-0.0	-0.0	-0.0	-0.0
TL1a_DTT_234	-0.4374070325433888	1.524380300081685	-0.14612806449549506	0.0	-0.0	-0.0	-0.0	-0.0	0.0	0.0	-0.0	0.0	0.0	-0.0
TL1A_FP_678	0.23584558416554754	0.2542354007028953	0.34120563627753026	0.0	-0.0	-0.0	-0.0	0.0	0.0	-0.0	0.0	0.0	-0.0	0.0
TL1A_FP_630	0.47880748201904266	0.9027530586955815	-0.06541994885828038	0.0	-0.0	0.0	-0.0	-0.0	0.0	-0.0	-0.0	-0.0	-0.0	0.0
TL1A_DTT_630	0.9493321172376084	0.9060521792705302	-0.2685912202801903	-0.0	0.0	-0.0	-0.0	-0.0	0.0	-0.0	-0.0	0.0	-0.0	-0.0

Biplot	0	0

Site constraints	0	0
