Eigvals	14
14.90666301189535	14.195727477174948	2.3851664125734198	0.0	0.0	0.0	0.0	0.0	0.0	0.0	0.0	0.0	0.0	0.0

Proportion explained	14
0.4734144048856706	0.4508361039733096	0.07574949114101986	0.0	0.0	0.0	0.0	0.0	0.0	0.0	0.0	0.0	0.0	0.0

Species	0	0

Site	14	14
BioGeo-TL1a_FP_77-REP1_S4_R1_001.fastq_profiled_metagenome	0.17020032141393937	-0.09274711461776886	0.03642274351159489	0.0	0.0	0.0	0.0	0.0	0.0	0.0	0.0	0.0	0.0	-0.0
BioGeo-TL1a_FP_73-REP1_S3_R1_001.fastq_profiled_metagenome	-1.5511699695030425	0.036259875777980906	-0.1724821781877227	-0.0	-0.0	0.0	-0.0	-0.0	-0.0	0.0	0.0	0.0	-0.0	-0.0
BioGeo-TL1a_FP_65_merged_R1_001.fastq_profiled_metagenome	0.007869625335099405	0.4168382800486088	-0.4423770413251671	-0.0	0.0	-0.0	0.0	-0.0	-0.0	-0.0	-0.0	-0.0	0.0	-0.0
BioGeo-TL1a_FP_61_merged_R1_001.fastq_profiled_metagenome	-1.8028695328147364	0.07096023304679458	0.05132585728308022	-0.0	-0.0	0.0	-0.0	0.0	-0.0	-0.0	-0.0	-0.0	0.0	-0.0
BioGeo-TL1a_FP_241_merged_R1_001.fastq_profiled_metagenome	-0.47400881291408414	0.6556319279491363	-0.2889569905711279	0.0	0.0	-0.0	0.0	0.0	-0.0	0.0	0.0	-0.0	-0.0	-0.0
BioGeo-TL1a_FP_209-REP1_S11_R1_001.fastq_profiled_metagenome	1.9970494286281437	2.036634862325594	-0.20760117773903206	-0.0	-0.0	-0.0	-0.0	0.0	-0.0	0.0	0.0	-0.0	0.0	-0.0
BioGeo-TL1a_FP_205_merged_R1_001.fastq_profiled_metagenome	-0.5188256724449117	1.5509632069231918	0.009736498497284852	0.0	-0.0	-0.0	-0.0	-0.0	-0.0	-0.0	0.0	0.0	0.0	-0.0
BioGeo-TL1a_FP_143_merged_R1_001.fastq_profiled_metagenome	-0.06826660634187509	-0.3089048881099574	0.8507634493820687	-0.0	0.0	-0.0	0.0	0.0	-0.0	-0.0	-0.0	0.0	-0.0	-0.0
BioGeo-TL1a_FP_139_merged_R1_001.fastq_profiled_metagenome	-0.8078215967488577	0.5640760252715636	-0.10554818633311577	-0.0	0.0	0.0	0.0	0.0	-0.0	0.0	-0.0	0.0	0.0	-0.0
BioGeo-TL1a_FP_101-REP1_S6_R1_001.fastq_profiled_metagenome	0.22571841486720565	-0.08245327450399434	1.0040829860389564	0.0	-0.0	0.0	0.0	-0.0	-0.0	0.0	0.0	-0.0	0.0	0.0
BioGeo-TL1A_FP_689-Rep1_S104_R1_001.fastq_profiled_metagenome	1.33690287251347	-0.6130557317530315	0.14429089445300822	0.0	-0.0	-0.0	-0.0	0.0	-0.0	0.0	-0.0	0.0	-0.0	0.0
BioGeo-TL1A_FP_685-REP1_S22_R1_001.fastq_profiled_metagenome	-0.1343982759820004	-1.692430126999929	-0.3558817866354948	-0.0	0.0	-0.0	-0.0	0.0	0.0	0.0	0.0	0.0	0.0	0.0
BioGeo-TL1A_FP_641_merged_R1_001.fastq_profiled_metagenome	1.4858106582687172	-1.01307448031033	-0.2363401789879597	0.0	0.0	0.0	-0.0	-0.0	-0.0	-0.0	-0.0	-0.0	-0.0	-0.0
BioGeo-TL1A_FP_637_merged_R1_001.fastq_profiled_metagenome	0.13380914572293331	-1.528698795047858	-0.28743488938637346	-0.0	-0.0	-0.0	0.0	0.0	-0.0	-0.0	0.0	0.0	0.0	-0.0

Biplot	0	0

Site constraints	0	0
