Eigvals	11
11.896479135922753	11.285245739057785	3.1743715125125984	0.0	0.0	0.0	0.0	0.0	0.0	0.0	0.0

Proportion explained	11
0.45137485312764436	0.4281835053696729	0.12044164150268268	0.0	0.0	0.0	0.0	0.0	0.0	0.0	0.0

Species	0	0

Site	11	11
BioGeo-TL1a_FP_85_merged_R1_001.fastq_profiled_metagenome	-0.359130374384128	1.564376230358753	-0.19668076621100394	0.0	0.0	0.0	0.0	0.0	-0.0	0.0	0.0
BioGeo-TL1a_FP_233-REP1_S13_R1_001.fastq_profiled_metagenome	0.233735193029992	-1.5305281453087574	-0.13485240860108336	0.0	0.0	-0.0	0.0	0.0	0.0	0.0	0.0
BioGeo-TL1a_FP_229-REP1_S12_R1_001.fastq_profiled_metagenome	-0.5111331704097736	0.10936817339491875	-0.7133509459979045	-0.0	0.0	-0.0	-0.0	-0.0	0.0	-0.0	0.0
BioGeo-TL1a_FP_197-REP1_S10_R1_001.fastq_profiled_metagenome	-1.1878149670443972	-0.42870420476309296	0.8141203465821542	0.0	-0.0	-0.0	-0.0	-0.0	-0.0	-0.0	-0.0
BioGeo-TL1a_FP_193-Rep1_S85_R1_001.fastq_profiled_metagenome	-1.0446965435496491	-1.4270598519497673	-0.6103976137124265	0.0	0.0	0.0	-0.0	0.0	-0.0	0.0	-0.0
BioGeo-TL1a_FP_131_merged_R1_001.fastq_profiled_metagenome	-0.9324155316321017	-0.07056465351695483	0.3355281865925828	0.0	0.0	-0.0	0.0	-0.0	0.0	0.0	-0.0
BioGeo-TL1a_FP_127_merged_R1_001.fastq_profiled_metagenome	-1.0432085131724722	1.2492473920346103	-0.12475748544777138	-0.0	-0.0	0.0	-0.0	0.0	-0.0	0.0	0.0
BioGeo-TL1A_FP_677-REP1_S21_R1_001.fastq_profiled_metagenome	0.3902249214105208	0.7430575170658236	0.8921759401762384	-0.0	0.0	0.0	0.0	0.0	-0.0	-0.0	0.0
BioGeo-TL1A_FP_673-REP1_S20_R1_001.fastq_profiled_metagenome	1.6449308235046216	1.1181291773053565	-0.5217669335341827	-0.0	0.0	-0.0	0.0	0.0	-0.0	0.0	-0.0
BioGeo-TL1A_FP_629_merged_R1_001.fastq_profiled_metagenome	1.7104469841057592	-0.7484273297924205	0.5441760562352974	0.0	0.0	0.0	-0.0	-0.0	-0.0	0.0	-0.0
BioGeo-TL1A_FP_625-REP1_S16_R1_001.fastq_profiled_metagenome	1.0990611781416286	-0.5788943048284714	-0.28419437608189885	0.0	-0.0	0.0	0.0	-0.0	-0.0	-0.0	0.0

Biplot	0	0

Site constraints	0	0
