Eigvals	17
17.22661748349991	17.120792621097088	0.9116931697745998	0.0	0.0	0.0	0.0	0.0	0.0	0.0	0.0	0.0	0.0	0.0	0.0	0.0	0.0

Proportion explained	17
0.4885721950853252	0.485570846424262	0.025856958490412665	0.0	0.0	0.0	0.0	0.0	0.0	0.0	0.0	0.0	0.0	0.0	0.0	0.0	0.0

Species	0	0

Site	17	17
TL1a_DTT_127_Repeat	0.860099132113022	-1.1929868817673757	0.0076214269181322375	0.0	0.0	0.0	0.0	0.0	0.0	0.0	0.0	0.0	0.0	0.0	-0.0	0.0	0.0
TL1a_DTT_157_Repeat	0.07110766797814605	-0.8885479190607647	-0.3211211799234447	-0.0	-0.0	-0.0	-0.0	0.0	-0.0	-0.0	-0.0	-0.0	-0.0	0.0	-0.0	-0.0	-0.0
TL1a_DTT_284	-2.847351284988438	-0.1887440900733296	0.07609541067594702	0.0	-0.0	0.0	-0.0	0.0	-0.0	0.0	0.0	-0.0	0.0	-0.0	-0.0	-0.0	0.0
TL1a_DTT_158	-0.1317971900525896	-1.034932425623216	-0.2243530785784551	-0.0	0.0	-0.0	0.0	-0.0	0.0	0.0	-0.0	-0.0	0.0	-0.0	0.0	-0.0	0.0
TL1a_DTT_265	-0.586216807023538	-0.8676237804614984	-0.03087005417544272	0.0	0.0	0.0	-0.0	-0.0	-0.0	-0.0	0.0	0.0	0.0	0.0	-0.0	-0.0	-0.0
TL1a_DTT_85	1.1573259431973466	1.119370330732113	0.11509285082345064	0.0	-0.0	0.0	0.0	-0.0	0.0	0.0	-0.0	-0.0	0.0	-0.0	0.0	-0.0	0.0
TL1a_DTT_86	1.10248266523677	1.261693871775761	0.07799518119448529	-0.0	-0.0	-0.0	-0.0	-0.0	0.0	-0.0	0.0	-0.0	0.0	-0.0	0.0	-0.0	0.0
TL1a_DTT_193	0.6897869819584748	-1.386348435242565	0.2823463192424137	0.0	0.0	0.0	-0.0	0.0	-0.0	-0.0	-0.0	-0.0	-0.0	-0.0	0.0	-0.0	0.0
TL1a_DTT_230	-0.03720798688957818	0.45033463126311113	0.2864203454459612	-0.0	-0.0	-0.0	-0.0	0.0	0.0	-0.0	-0.0	0.0	-0.0	0.0	-0.0	-0.0	-0.0
TL1a_DTT_128	1.0923444417518886	-1.0853130936329718	-0.16828786945539903	-0.0	-0.0	0.0	0.0	-0.0	0.0	-0.0	0.0	0.0	0.0	-0.0	-0.0	-0.0	-0.0
TL1a_DTT_283	-1.1364650082213428	0.3503478728080886	0.21913830692494343	-0.0	-0.0	0.0	0.0	-0.0	-0.0	-0.0	-0.0	-0.0	-0.0	-0.0	-0.0	0.0	0.0
TL1a_DTT_194	0.9403907995025081	-0.7623993912680447	0.23414263259663998	-0.0	0.0	0.0	-0.0	0.0	0.0	0.0	0.0	-0.0	-0.0	-0.0	-0.0	-0.0	-0.0
TL1a_DTT_229	-0.1533879945372285	0.40530969411021883	-0.572110155331266	0.0	0.0	0.0	-0.0	0.0	0.0	0.0	0.0	-0.0	-0.0	0.0	0.0	-0.0	0.0
TL1a_DTT_266	-1.1670751746212589	-0.37255543687401815	0.17449652719213593	0.0	0.0	0.0	0.0	0.0	0.0	-0.0	-0.0	-0.0	-0.0	0.0	-0.0	0.0	-0.0
TL1A_DTT_673	-0.31113078304738667	1.5507650429403008	-0.27312639509022457	-0.0	0.0	0.0	-0.0	-0.0	0.0	-0.0	-0.0	-0.0	0.0	-0.0	-0.0	0.0	-0.0
TL1A_DTT_626	0.1160030607571365	1.3200545324331787	0.0628494464034172	-0.0	0.0	0.0	0.0	0.0	-0.0	-0.0	0.0	0.0	0.0	0.0	-0.0	-0.0	0.0
TL1A_DTT_674	0.34109153688606797	1.32157547794101	0.05367028513670908	0.0	0.0	-0.0	-0.0	-0.0	-0.0	-0.0	-0.0	0.0	-0.0	-0.0	-0.0	-0.0	-0.0

Biplot	0	0

Site constraints	0	0
