Eigvals	16
16.710869386711252	16.25173983213389	1.895634073900911	0.0	0.0	0.0	0.0	0.0	0.0	0.0	0.0	0.0	0.0	0.0	0.0	0.0

Proportion explained	16
0.4793950528823338	0.4662237191831136	0.05438122793455256	0.0	0.0	0.0	0.0	0.0	0.0	0.0	0.0	0.0	0.0	0.0	0.0	0.0

Species	0	0

Site	16	16
TL1a_DTT_76_Repeat	0.8384445773815676	0.34007206976098275	0.18895696515056037	0.0	0.0	0.0	0.0	0.0	0.0	0.0	0.0	0.0	0.0	0.0	0.0	0.0
TL1a_FP_64	0.08400805814223593	-0.6838130168209184	0.03907211813121	0.0	0.0	-0.0	-0.0	-0.0	-0.0	-0.0	0.0	0.0	0.0	0.0	0.0	0.0
TL1a_DTT_172_Re_extracted	-1.0850958901439105	-0.4916074057729705	-0.4517927551794711	0.0	-0.0	0.0	0.0	-0.0	0.0	0.0	0.0	-0.0	0.0	0.0	-0.0	0.0
TL1a_FP_76	1.0049955990641584	-0.12473423734770815	-0.3685557783218677	0.0	0.0	-0.0	0.0	0.0	-0.0	0.0	-0.0	-0.0	-0.0	-0.0	-0.0	0.0
TL1a_FP_142	-0.7308313075485122	-1.088482637221421	-0.2011941548488399	0.0	0.0	-0.0	0.0	0.0	0.0	-0.0	-0.0	-0.0	-0.0	-0.0	-0.0	0.0
TL1a_FP_172	-2.082309351640153	-0.16003231257852632	0.4362940047678894	-0.0	0.0	-0.0	-0.0	0.0	0.0	0.0	0.0	-0.0	0.0	-0.0	0.0	0.0
TL1a_FP_100	0.625902048494126	-1.7766373161465179	0.014697556324194982	-0.0	-0.0	-0.0	0.0	0.0	0.0	0.0	-0.0	0.0	-0.0	-0.0	0.0	0.0
TL1a_FP_208	-1.0572471158717542	1.9473525004572725	-0.1411105790689506	0.0	0.0	0.0	0.0	0.0	0.0	-0.0	0.0	0.0	-0.0	-0.0	-0.0	0.0
TL1a_DTT_244_Repeat	-0.5466041696772972	0.8113775937822819	-0.08187442108935042	-0.0	0.0	-0.0	-0.0	-0.0	0.0	-0.0	-0.0	-0.0	-0.0	0.0	-0.0	0.0
TL1a_FP_244	0.27115636675821664	1.1002014529843618	-0.5141263400847969	-0.0	-0.0	-0.0	0.0	-0.0	-0.0	-0.0	-0.0	0.0	0.0	-0.0	-0.0	0.0
TL1a_DTT_142_Repeat	-0.8237431841954916	-0.02788676946751435	0.8168777690534805	0.0	-0.0	-0.0	0.0	-0.0	-0.0	-0.0	-0.0	-0.0	0.0	-0.0	-0.0	-0.0
TL1a_DTT_64	1.9735659836302948	1.7123874471665068	0.29870751375467897	-0.0	-0.0	-0.0	0.0	-0.0	0.0	-0.0	0.0	-0.0	-0.0	0.0	-0.0	0.0
TL1a_DTT_208	-0.7904895343040129	0.4355561347563807	-0.319285690991552	-0.0	-0.0	-0.0	0.0	0.0	-0.0	-0.0	0.0	-0.0	-0.0	0.0	-0.0	0.0
TL1A_FP_640	0.9323335372274679	-0.05403676499590408	0.33379283324038983	0.0	0.0	-0.0	-0.0	0.0	0.0	0.0	-0.0	-0.0	0.0	0.0	-0.0	0.0
TL1A_DTT_640	0.8221967342503002	-1.403749190804367	-0.13773295385551965	-0.0	0.0	0.0	-0.0	-0.0	-0.0	-0.0	0.0	0.0	0.0	-0.0	-0.0	-0.0
TL1A_FP_688	0.5637176484327651	-0.5359675477519386	0.08727391301794366	-0.0	0.0	-0.0	0.0	-0.0	0.0	0.0	-0.0	0.0	-0.0	0.0	-0.0	0.0

Biplot	0	0

Site constraints	0	0
