Eigvals	17
17.18063103479762	17.052955100889807	1.9235107283504653	0.0	0.0	0.0	0.0	0.0	0.0	0.0	0.0	0.0	0.0	0.0	0.0	0.0	0.0

Proportion explained	17
0.47516621977152146	0.47163507526653214	0.053198704961946286	0.0	0.0	0.0	0.0	0.0	0.0	0.0	0.0	0.0	0.0	0.0	0.0	0.0	0.0

Species	0	0

Site	17	17
TL1a_DTT_127_Repeat	0.6346231484714526	-1.353758213716562	0.1403041575838555	0.0	-0.0	0.0	0.0	0.0	0.0	0.0	0.0	0.0	0.0	0.0	0.0	0.0	0.0
TL1a_DTT_157_Repeat	0.3458191342253815	-0.8058403868905414	0.3822331831676423	-0.0	0.0	-0.0	-0.0	-0.0	0.0	-0.0	0.0	0.0	0.0	-0.0	0.0	-0.0	-0.0
TL1a_FP_85	0.3986222841739321	0.8043379204276613	-0.1485139101741507	0.0	0.0	0.0	-0.0	0.0	-0.0	-0.0	-0.0	-0.0	-0.0	-0.0	-0.0	0.0	-0.0
TL1a_FP_127	-0.14221384694649886	-1.2155348911658792	-0.12937161533295397	0.0	-0.0	-0.0	-0.0	-0.0	0.0	0.0	0.0	-0.0	-0.0	-0.0	0.0	-0.0	-0.0
TL1a_FP_193	-1.382531056676993	-0.20620989867948084	-0.6720645563245503	-0.0	-0.0	0.0	0.0	-0.0	-0.0	-0.0	0.0	-0.0	-0.0	-0.0	-0.0	-0.0	0.0
TL1a_FP_265	-1.6760041963080614	-0.21724482329444822	-0.41068920761945404	0.0	0.0	0.0	0.0	0.0	0.0	-0.0	-0.0	0.0	0.0	0.0	0.0	0.0	-0.0
TL1a_DTT_265	0.5301216577682829	-0.9425695322390779	0.31637932024437826	-0.0	-0.0	0.0	0.0	-0.0	-0.0	-0.0	-0.0	-0.0	0.0	0.0	0.0	-0.0	-0.0
TL1a_FP_157	-0.4719426887488518	-0.874999433587379	-0.08993717532786653	-0.0	-0.0	-0.0	0.0	-0.0	-0.0	0.0	-0.0	0.0	0.0	-0.0	-0.0	-0.0	-0.0
TL1a_DTT_85	0.8329381873323054	0.5935882936015117	-0.11406907196338466	-0.0	-0.0	-0.0	-0.0	0.0	-0.0	-0.0	0.0	0.0	0.0	0.0	0.0	-0.0	0.0
TL1a_DTT_193	-0.8783818362364134	-1.335087415996329	-0.038692098843668386	0.0	-0.0	-0.0	0.0	0.0	-0.0	-0.0	-0.0	0.0	0.0	-0.0	0.0	-0.0	0.0
TL1a_DTT_283	1.6310231493574436	-0.26591110938073276	0.09473810029824112	0.0	-0.0	0.0	0.0	0.0	0.0	0.0	0.0	0.0	0.0	-0.0	-0.0	-0.0	-0.0
TL1a_DTT_229	-1.9980441502638595	0.7376304966206688	0.7432736107327154	0.0	-0.0	-0.0	-0.0	-0.0	-0.0	-0.0	-0.0	0.0	0.0	0.0	-0.0	-0.0	0.0
TL1a_FP_283	1.2977825962713552	-0.4066229433791044	0.09158938727197205	0.0	-0.0	-0.0	0.0	0.0	0.0	-0.0	-0.0	0.0	-0.0	0.0	0.0	-0.0	-0.0
TL1a_FP_229	0.9080471118659866	0.9431907692138158	-0.4250126928104052	0.0	-0.0	-0.0	0.0	-0.0	-0.0	-0.0	-0.0	0.0	0.0	-0.0	-0.0	-0.0	-0.0
TL1A_DTT_673	-0.6128538618207036	1.5074270371829273	0.4512480398157958	-0.0	-0.0	-0.0	0.0	0.0	0.0	0.0	0.0	-0.0	-0.0	-0.0	0.0	0.0	-0.0
TL1A_FP_625	0.0878428889141731	1.4405983058519125	-0.053874932382644576	-0.0	0.0	0.0	-0.0	-0.0	-0.0	0.0	0.0	0.0	-0.0	-0.0	0.0	0.0	-0.0
TL1A_FP_673	0.49515147862106856	1.5970058254310338	-0.13754053833552238	-0.0	-0.0	0.0	-0.0	0.0	0.0	0.0	-0.0	0.0	0.0	-0.0	0.0	-0.0	0.0

Biplot	0	0

Site constraints	0	0
