Eigvals	14
14.364903611430975	14.213238840311742	3.2576127136520228	0.0	0.0	0.0	0.0	0.0	0.0	0.0	0.0	0.0	0.0	0.0

Proportion explained	14
0.4512191885130946	0.4464552125894422	0.10232559889746315	0.0	0.0	0.0	0.0	0.0	0.0	0.0	0.0	0.0	0.0	0.0

Species	0	0

Site	14	14
TL1a_FP_89	2.377827638530988	-0.02879789909260276	0.3330895368255325	0.0	0.0	0.0	0.0	0.0	0.0	0.0	0.0	0.0	0.0	0.0
TL1a_FP_287	-1.062388089499204	-0.9949267202227836	-0.42733462355076146	-0.0	-0.0	0.0	-0.0	0.0	-0.0	-0.0	-0.0	0.0	0.0	0.0
TL1a_FP_161	1.2034745900761141	-0.9046272785694619	-0.47888644110469863	-0.0	-0.0	-0.0	-0.0	-0.0	0.0	0.0	-0.0	0.0	0.0	-0.0
TL1a_FP_197	-0.6881797647162106	-0.6917390523028936	-0.8838924578941507	-0.0	0.0	0.0	0.0	-0.0	0.0	0.0	0.0	-0.0	-0.0	-0.0
TL1a_DTT_269_Repeat	0.35485388878664237	1.5810418883972088	0.22992587981396956	-0.0	0.0	0.0	-0.0	0.0	0.0	0.0	-0.0	-0.0	0.0	-0.0
TL1a_FP_269	0.31473821830046506	2.6372054389841164	-0.6465364849276137	-0.0	0.0	-0.0	-0.0	-0.0	-0.0	-0.0	-0.0	0.0	-0.0	0.0
TL1a_FP_131	-0.7229817707043495	0.3503551236172797	0.5701942827031502	-0.0	0.0	-0.0	-0.0	-0.0	0.0	-0.0	-0.0	-0.0	-0.0	0.0
TL1a_DTT_89_Re_extracted	-0.3203327831765261	-0.3715088197409826	-0.36010175315640636	0.0	0.0	0.0	-0.0	-0.0	-0.0	-0.0	-0.0	-0.0	0.0	-0.0
TL1a_DTT_197_Repeat	-0.6028395529327333	-0.07838566899634815	0.2846853819403061	-0.0	0.0	-0.0	0.0	0.0	-0.0	0.0	-0.0	0.0	-0.0	-0.0
TL1a_FP_233	-0.6528288481699083	0.15251415139466679	-0.25819165702175356	0.0	0.0	-0.0	-0.0	0.0	0.0	-0.0	-0.0	0.0	-0.0	-0.0
TL1a_DTT_287	-0.6861861115037993	0.07466942729957617	0.7085867066684105	-0.0	0.0	-0.0	-0.0	0.0	0.0	-0.0	0.0	0.0	0.0	-0.0
TL1a_DTT_233	-1.2980825459686585	-0.24622069510854497	0.5540876427760225	0.0	0.0	0.0	-0.0	-0.0	0.0	0.0	-0.0	0.0	0.0	-0.0
TL1A_DTT_629	1.262305876574341	-1.453995817889883	0.20823559898750593	-0.0	-0.0	0.0	-0.0	-0.0	0.0	-0.0	-0.0	0.0	-0.0	-0.0
TL1A_FP_677	0.520619254402841	-0.025584077769345365	0.16613838794048327	0.0	-0.0	-0.0	-0.0	0.0	-0.0	0.0	0.0	-0.0	-0.0	-0.0

Biplot	0	0

Site constraints	0	0
