Eigvals	14
14.388871994729111	14.09121847108633	0.5087600658177428	0.0	0.0	0.0	0.0	0.0	0.0	0.0	0.0	0.0	0.0	0.0

Proportion explained	14
0.4963588321319502	0.486090969895813	0.017550197972236743	0.0	0.0	0.0	0.0	0.0	0.0	0.0	0.0	0.0	0.0	0.0

Species	0	0

Site	14	14
TL1a_DTT_169_Re_extracted	2.975697178707965	-0.7382077643874033	0.16555381997329874	-0.0	0.0	0.0	0.0	0.0	0.0	0.0	0.0	0.0	0.0	0.0
TL1a_DTT_139	-0.5239816860477177	0.6387464134906146	-0.031441765598414016	0.0	-0.0	0.0	-0.0	0.0	-0.0	-0.0	0.0	-0.0	0.0	0.0
TL1a_DTT_74	-0.42176830666174275	0.8070738330023999	-0.08103305934378364	-0.0	-0.0	-0.0	0.0	0.0	0.0	-0.0	-0.0	-0.0	-0.0	0.0
TL1a_DTT_241	0.3219893039907112	-1.1331296917002498	-0.05867554818429437	0.0	0.0	-0.0	0.0	0.0	-0.0	0.0	0.0	-0.0	-0.0	-0.0
TL1a_DTT_205	-1.7427240302964957	-2.3955576556157068	0.2624511771569067	-0.0	0.0	-0.0	-0.0	-0.0	0.0	0.0	-0.0	-0.0	-0.0	0.0
TL1a_DTT_206	-0.41204198703375655	-0.6545234434527801	-0.057310711588962046	-0.0	-0.0	-0.0	-0.0	0.0	-0.0	-0.0	-0.0	0.0	0.0	-0.0
TL1a_DTT_62	-0.5184417891673403	0.8173780746217038	-0.13036001320579688	-0.0	0.0	0.0	0.0	0.0	0.0	0.0	0.0	-0.0	-0.0	0.0
TL1a_DTT_242	0.4722346521942108	-1.2386122880877213	-0.33826812732879036	-0.0	-0.0	0.0	-0.0	-0.0	0.0	-0.0	0.0	-0.0	0.0	-0.0
TL1a_DTT_73	-0.2834684793532998	0.7801718639905826	0.06612891457996659	-0.0	-0.0	-0.0	-0.0	-0.0	-0.0	-0.0	0.0	0.0	-0.0	-0.0
TL1a_DTT_97	-0.6500011330237979	0.7371421986770137	0.17707447351921413	-0.0	0.0	-0.0	-0.0	-0.0	-0.0	-0.0	-0.0	-0.0	0.0	-0.0
TL1a_DTT_140	-0.15327912681000044	0.5643253428037355	0.050506545312789454	-0.0	0.0	0.0	-0.0	-0.0	-0.0	-0.0	-0.0	0.0	-0.0	-0.0
TL1a_DTT_98	-0.12317046470225712	0.844747435752812	0.06357530150656306	-0.0	0.0	-0.0	-0.0	0.0	0.0	-0.0	0.0	-0.0	-0.0	0.0
TL1a_DTT_170	0.23189794476632614	0.1864214939386683	-0.3761842268520433	-0.0	0.0	-0.0	-0.0	-0.0	0.0	-0.0	-0.0	0.0	-0.0	0.0
TL1A_DTT_638	0.8270579234372062	0.7840241869663336	0.28798322005335525	0.0	-0.0	-0.0	-0.0	0.0	0.0	0.0	-0.0	-0.0	-0.0	-0.0

Biplot	0	0

Site constraints	0	0
