Eigvals	16
16.01214328343829	16.005106252927774	0.1213244096342136	0.0	0.0	0.0	0.0	0.0	0.0	0.0	0.0	0.0	0.0	0.0	0.0	0.0

Proportion explained	16
0.4982219593919176	0.4980030003764261	0.0037750402316563494	0.0	0.0	0.0	0.0	0.0	0.0	0.0	0.0	0.0	0.0	0.0	0.0	0.0

Species	0	0

Site	16	16
Mouse1B.DTT15	-0.10383672021790961	0.06492617822637645	0.01297898413700129	0.0	0.0	0.0	0.0	0.0	0.0	0.0	0.0	0.0	0.0	0.0	0.0	0.0
Mouse5A.DTT27	-0.6376849535217893	0.275194191700897	0.12947835920429884	-0.0	-0.0	-0.0	-0.0	0.0	0.0	0.0	-0.0	-0.0	-0.0	0.0	0.0	0.0
Mouse7A.DTT38	-0.9831684740725997	0.024688875087985583	-0.0033025539600405394	0.0	-0.0	-0.0	-0.0	-0.0	0.0	-0.0	0.0	-0.0	0.0	0.0	0.0	0.0
Mouse1B.DTT14	0.06324380467331096	-0.28215776170181545	-0.020386658299088943	0.0	-0.0	-0.0	0.0	-0.0	-0.0	0.0	0.0	-0.0	-0.0	-0.0	0.0	0.0
Mouse5A.DTT26	-0.6291268128222989	0.7387330659890087	0.10616188000913737	0.0	-0.0	-0.0	0.0	0.0	-0.0	-0.0	0.0	0.0	0.0	-0.0	0.0	-0.0
Mouse4A.DTT21	-0.7524947146921684	0.2929599462205322	-0.18770620776590788	-0.0	0.0	-0.0	0.0	-0.0	0.0	0.0	-0.0	0.0	-0.0	-0.0	-0.0	-0.0
Mouse7A.DTT39	-1.2969146054883216	-0.007792274985414316	0.12569330269455853	0.0	0.0	0.0	0.0	-0.0	0.0	-0.0	-0.0	-0.0	-0.0	-0.0	-0.0	-0.0
Mouse4A.DTT20	-0.7933386413088365	0.19176168695942344	-0.10483181612381039	-0.0	-0.0	0.0	-0.0	0.0	0.0	-0.0	0.0	-0.0	0.0	-0.0	0.0	-0.0
Mouse6A.DTT32	-0.8279296148099182	0.3493489933943474	-0.012227951942717264	0.0	-0.0	0.0	0.0	0.0	-0.0	0.0	0.0	-0.0	0.0	0.0	0.0	-0.0
Mouse6A.DTT33	-1.1549328054628478	0.09753867411041273	-0.06741216273517717	-0.0	-0.0	0.0	0.0	-0.0	-0.0	0.0	0.0	0.0	0.0	0.0	0.0	0.0
Mouse9A.DTT98	0.6610495845384856	-1.9888173563976876	0.022987224788942655	-0.0	-0.0	-0.0	0.0	-0.0	-0.0	0.0	-0.0	-0.0	0.0	-0.0	0.0	-0.0
Mouse10A.DTT110	1.6265892596046851	1.8344657069545878	0.04795531517919519	-0.0	-0.0	-0.0	0.0	-0.0	0.0	-0.0	0.0	-0.0	-0.0	0.0	0.0	-0.0
Mouse9A.DTT99	0.8950487148005791	-1.4438088888951002	0.11423840198615845	-0.0	-0.0	0.0	-0.0	-0.0	0.0	0.0	0.0	0.0	0.0	-0.0	0.0	0.0
Mouse10A.DTT111	1.7181856670985738	1.8179762670650537	-0.028385439954777894	0.0	-0.0	0.0	0.0	-0.0	-0.0	0.0	-0.0	0.0	0.0	-0.0	0.0	0.0
Mouse8A.DTT86	1.2516795876355642	-0.533028182524198	-0.0589863111375808	-0.0	-0.0	0.0	0.0	-0.0	0.0	-0.0	0.0	0.0	-0.0	0.0	0.0	-0.0
Mouse8A.DTT87	0.9636307240454934	-1.4319891212044071	-0.0762543660801937	0.0	-0.0	-0.0	0.0	0.0	0.0	-0.0	-0.0	-0.0	0.0	0.0	0.0	0.0

Biplot	0	0

Site constraints	0	0
