Num samples: 108
Num observations: 4,810
Total count: 3,576,545,729
Table density (fraction of non-zero values): 0.926

Counts/sample summary:
 Min: 5,212,223.250
 Max: 83,596,240.690
 Median: 32,667,768.570
 Mean: 33,116,164.165
 Std. dev.: 14,110,693.054
 Sample Metadata Categories: None provided
 Observation Metadata Categories: None provided

Counts/sample detail:
Mouse6A.DTT34: 5,212,223.250
Mouse4A.DTT22: 11,569,441.980
Mouse6A.DTT35: 11,822,475.040
Mouse1B.DTT18: 12,037,628.020
Mouse7A.DTT41: 12,594,374.000
Mouse7A.DTT40: 13,859,691.890
Mouse7A.DTT42: 14,729,443.820
Mouse5A.DTT30: 15,296,006.740
Mouse1B.DTT16: 15,360,566.040
Mouse6A.FP34: 15,389,674.720
Mouse5A.DTT29: 15,973,415.320
Mouse6A.DTT36: 16,211,962.580
Mouse8A.DTT88: 16,290,288.780
Mouse1B.DTT17: 17,428,485.680
Mouse6A.FP36: 17,582,109.590
Mouse2A.FP12: 17,780,551.930
Mouse9A.DTT102: 17,873,056.520
Mouse7A.FP41: 18,546,808.580
Mouse5A.DTT28: 18,695,104.050
Mouse2A.FP10: 18,910,611.640
Mouse7A.FP42: 19,653,799.380
Mouse5A.FP25: 20,306,802.100
Mouse3A.FP16: 20,942,830.740
Mouse5A.FP28: 21,106,907.460
Mouse5A.FP30: 22,479,165.130
Mouse7A.FP37: 22,504,602.110
Mouse5A.FP27: 22,731,101.900
Mouse9A.DTT101: 22,753,781.890
Mouse6A.FP35: 23,074,750.510
Mouse7A.FP40: 23,495,936.230
Mouse10A.DTT113: 24,755,607.420
Mouse2A.FP11: 25,018,447.310
Mouse7A.DTT37: 25,083,649.880
Mouse4A.DTT24: 25,561,182.310
Mouse10A.DTT114: 25,633,021.830
Mouse1A.FP06: 25,637,254.470
Mouse6A.FP31: 25,696,545.180
Mouse7A.FP38: 25,793,544.990
Mouse10A.DTT112: 27,554,418.850
Mouse4A.DTT21: 28,381,351.750
Mouse7A.DTT38: 28,390,385.490
Mouse10A.FP110: 28,411,847.130
Mouse1A.FP05: 28,698,627.250
Mouse3A.FP13: 29,073,927.070
Mouse3A.FP14: 31,007,551.040
Mouse4A.DTT20: 31,033,771.900
Mouse4A.DTT23: 31,105,458.410
Mouse2A.FP09: 31,196,146.400
Mouse1A.FP04: 31,249,011.620
Mouse5A.FP26: 31,522,691.320
Mouse2A.FP08: 31,879,700.850
Mouse4A.FP20: 31,891,300.480
Mouse9A.DTT100: 32,628,509.290
Mouse7A.FP39: 32,653,231.050
Mouse8A.FP85: 32,682,306.090
Mouse1A.FP01: 32,718,451.970
Mouse4A.FP24: 32,933,011.750
Mouse1A.FP03: 33,033,723.850
Mouse6A.FP33: 33,224,584.980
Mouse8A.DTT89: 33,530,420.230
Mouse2A.FP07: 33,666,961.070
Mouse3A.FP17: 33,766,612.030
Mouse8A.DTT86: 34,014,072.330
Mouse8A.FP88: 34,221,909.100
Mouse6A.DTT32: 34,510,930.980
Mouse4A.DTT19: 34,707,427.690
Mouse10A.DTT110: 34,769,091.510
Mouse5A.DTT25: 35,408,413.790
Mouse4A.FP21: 35,524,017.790
Mouse6A.DTT33: 36,661,554.380
Mouse5A.DTT26: 37,146,797.110
Mouse3A.FP15: 37,508,120.260
Mouse6A.FP32: 37,906,686.020
Mouse4A.FP19: 37,989,395.940
Mouse9A.FP98: 38,151,306.710
Mouse1A.FP02: 38,275,840.800
Mouse1B.DTT13: 38,333,711.200
Mouse7A.DTT39: 38,571,306.490
Mouse10A.DTT111: 38,598,213.220
Mouse3A.FP18: 38,727,549.810
Mouse8A.DTT90: 38,853,721.700
Mouse4A.FP22: 40,864,739.290
Mouse6A.DTT31: 41,526,978.970
Mouse8A.FP87: 41,627,709.840
Mouse10A.FP111: 42,337,625.340
Mouse5A.DTT27: 42,345,159.360
Mouse10A.DTT109: 42,488,372.250
Mouse4A.FP23: 42,712,262.010
Mouse1B.DTT14: 43,933,287.070
Mouse8A.DTT85: 44,523,321.880
Mouse9A.FP100: 45,332,876.620
Mouse8A.FP86: 46,478,966.500
Mouse9A.FP101: 47,531,155.330
Mouse1B.DTT15: 47,892,684.820
Mouse10A.FP109: 48,435,623.150
Mouse5A.FP29: 48,977,527.790
Mouse8A.DTT87: 50,239,148.200
Mouse9A.FP97: 50,314,262.810
Mouse10A.FP114: 51,074,703.920
Mouse8A.FP89: 52,024,106.850
Mouse9A.FP102: 57,111,356.130
Mouse9A.DTT99: 57,151,245.540
Mouse9A.DTT97: 61,431,152.490
Mouse9A.FP99: 62,317,928.980
Mouse10A.FP112: 63,781,600.490
Mouse8A.FP90: 65,776,883.630
Mouse10A.FP113: 77,211,890.210
Mouse9A.DTT98: 83,596,240.690