Eigvals	17
17.74983632904347	17.253977097173443	1.0119339755869932	0.0	0.0	0.0	0.0	0.0	0.0	0.0	0.0	0.0	0.0	0.0	0.0	0.0	0.0

Proportion explained	17
0.4928354292087922	0.4790675840954296	0.028096986695778214	0.0	0.0	0.0	0.0	0.0	0.0	0.0	0.0	0.0	0.0	0.0	0.0	0.0	0.0

Species	0	0

Site	17	17
TL1a_DTT_127_Repeat	0.35171329708719123	-1.0489970011452039	0.039989432942948905	0.0	0.0	0.0	0.0	0.0	0.0	0.0	0.0	0.0	0.0	0.0	0.0	0.0	-0.0
TL1a_DTT_157_Repeat	-0.20951302098139568	-0.36485501504667245	-0.2508602123758362	0.0	-0.0	0.0	-0.0	-0.0	-0.0	0.0	-0.0	0.0	0.0	0.0	-0.0	0.0	0.0
TL1a_DTT_231	1.9557957223682034	0.91871234854686	0.5612165717118485	0.0	-0.0	-0.0	0.0	-0.0	0.0	-0.0	-0.0	-0.0	0.0	-0.0	-0.0	-0.0	-0.0
TL1a_DTT_267	-0.37778382820034884	-0.8543266794020767	-0.06650006426138015	-0.0	-0.0	-0.0	0.0	-0.0	0.0	-0.0	0.0	-0.0	0.0	0.0	-0.0	-0.0	0.0
TL1a_DTT_129	0.612347133612553	-1.3002225457487206	-0.04282379777099731	-0.0	0.0	0.0	-0.0	-0.0	0.0	0.0	-0.0	-0.0	0.0	-0.0	-0.0	-0.0	-0.0
TL1a_DTT_265	-0.03590331833231213	-0.5768055265148369	-0.18964661340411484	0.0	0.0	-0.0	-0.0	0.0	0.0	-0.0	-0.0	-0.0	-0.0	-0.0	-0.0	0.0	-0.0
TL1a_DTT_285	-1.6304955943236572	0.012208029410671143	-0.08366502726239537	0.0	-0.0	-0.0	0.0	0.0	0.0	0.0	0.0	0.0	0.0	-0.0	-0.0	-0.0	-0.0
TL1a_DTT_159	0.06837250847248055	-0.43857514141756443	0.07413223810814623	-0.0	0.0	0.0	0.0	0.0	-0.0	0.0	-0.0	-0.0	-0.0	-0.0	0.0	0.0	-0.0
TL1a_DTT_195	0.4832896257791024	-1.79485126739454	0.0007991493807869512	0.0	0.0	-0.0	0.0	-0.0	-0.0	-0.0	-0.0	0.0	0.0	0.0	-0.0	-0.0	-0.0
TL1a_DTT_85	-1.0379062100094998	0.7708419203926248	0.11270483992333184	-0.0	-0.0	-0.0	-0.0	0.0	0.0	-0.0	-0.0	-0.0	-0.0	0.0	0.0	-0.0	-0.0
TL1a_DTT_193	0.4144237897163457	-1.022523577568905	0.30120887369493243	-0.0	0.0	0.0	-0.0	0.0	0.0	-0.0	0.0	0.0	0.0	-0.0	-0.0	-0.0	0.0
TL1a_DTT_283	-1.7872123569427227	-0.076498300889225	-0.09078097132679708	0.0	0.0	0.0	0.0	-0.0	-0.0	-0.0	0.0	-0.0	0.0	-0.0	-0.0	-0.0	-0.0
TL1a_DTT_229	2.191908451714166	0.8823353065348001	-0.5548744762508276	-0.0	-0.0	-0.0	0.0	0.0	-0.0	0.0	-0.0	0.0	0.0	-0.0	-0.0	-0.0	-0.0
TL1a_DTT_87	-0.16275168457147088	0.6519111001413234	0.2851266960319879	-0.0	0.0	-0.0	-0.0	-0.0	-0.0	0.0	0.0	0.0	-0.0	-0.0	-0.0	-0.0	0.0
TL1A_DTT_673	0.3223828427276175	1.7431394621780663	-0.22618322150718514	-0.0	0.0	0.0	0.0	0.0	-0.0	-0.0	0.0	-0.0	-0.0	0.0	-0.0	-0.0	-0.0
TL1A_DTT_675	-0.9615001128727736	1.2355733867645888	0.15792065720932605	-0.0	0.0	-0.0	0.0	0.0	0.0	0.0	0.0	-0.0	0.0	-0.0	-0.0	0.0	-0.0
TL1A_DTT_627	-0.19716724524348025	1.2629335011588083	-0.027764074843777894	-0.0	0.0	0.0	-0.0	-0.0	0.0	0.0	-0.0	0.0	0.0	-0.0	-0.0	0.0	-0.0

Biplot	0	0

Site constraints	0	0
