ID	azelate	undecanedionate	X2.hydroxymyristic.acid	eicosatrienoic.acid	alpha.muricholate	urobilin	stearoyl.ethanolamide	cholesterol	hypoxanthine	phenylacetate	hydrocinnamic.acid	X3.methyladipate.pimelate	citrulline	azelaic.acid	N.acetylglutamate	chenodeoxycholate.deoxycholate.	cytosine	N.acetylputrescine	creatine	X7.methylguanine	X3.methylxanthine	dimethyllysine	N.acetylspermidine	N.acetylglutamic.acid	ADMA.SDMA.	urobilin.
merged_BioGeo.Itg.02.FP407.S7_merged__kneaddata_paired_Abundance.RPKs	0.000294588995036696	5.23148523747934e-05	3.27593673991459e-05	0.000121678493982776	0.000331940729860356	0.00049626689820426	3.49750904882921e-05	0.000644582034564753	0.000610076490275694	5.66252205438708e-05	0.000168241081587347	4.1158352620427e-05	0.00038541488797136	5.10066594423874e-05	0.000233713391858044	0.00283463072955398	2.7645851252952e-05	0.00024947596547539	0.000607670623099148	0.000299097935610252	2.97549638562509e-05	0.000155744494200564	0.000689601323843409	5.561132595416e-05	0.000114668918432259	0.000226388192743846
merged_BioGeo.Itg.02.FP411.S11_merged__kneaddata_paired_Abundance.RPKs	0.000294588995036696	5.23148523747934e-05	3.27593673991459e-05	0.000121678493982776	0.000331940729860356	0.000575801941456367	3.4950613684154e-05	0.000644582034564753	0.000610076490275694	5.66705455432954e-05	0.000241133765648276	4.68515771105158e-05	0.000363555519872303	5.10066594423874e-05	0.000240946805893668	0.00283463072955398	2.65597416570816e-05	0.00024947596547539	0.000607670623099148	0.000299097935610252	2.91687449976481e-05	0.000155744494200564	0.000689601323843409	5.80304398660461e-05	0.000114668918432259	0.000254671733646921
merged_BioGeo.Itg.04.FP419.S19_merged__kneaddata_paired_Abundance.RPKs	0.000294588995036696	5.23148523747934e-05	3.27593673991459e-05	0.000121678493982776	0.000331940729860356	0.00049626689820426	3.49750904882921e-05	0.000644582034564753	0.000610076490275694	5.66252205438708e-05	0.000168241081587347	4.1158352620427e-05	0.00038541488797136	5.10066594423874e-05	0.000233713391858044	0.00283463072955398	2.7645851252952e-05	0.00024947596547539	0.000607670623099148	0.000299097935610252	2.97549638562509e-05	0.000155744494200564	0.000689601323843409	5.561132595416e-05	0.000114668918432259	0.000226388192743846
merged_BioGeo.Itg.04.FP423.S23.Rep1_S87__kneaddata_paired_Abundance.RPKs	0.000294588995036696	5.23148523747934e-05	3.27593673991459e-05	0.000121678493982776	0.000331940729860356	0.00049626689820426	3.49750904882921e-05	0.000644582034564753	0.000610076490275694	5.66252205438708e-05	0.000168241081587347	4.1158352620427e-05	0.00038541488797136	5.10066594423874e-05	0.000233713391858044	0.00283463072955398	2.7645851252952e-05	0.00024947596547539	0.000607670623099148	0.000299097935610252	2.97549638562509e-05	0.000155744494200564	0.000689601323843409	5.561132595416e-05	0.000114668918432259	0.000226388192743846
merged_BioGeo.Itg.06.FP431.S32_merged__kneaddata_paired_Abundance.RPKs	0.000294588995036696	5.23148523747934e-05	3.27593673991459e-05	0.000121678493982776	0.000331940729860356	0.00049626689820426	3.49750904882921e-05	0.000644582034564753	0.000610076490275694	5.66252205438708e-05	0.000168241081587347	4.1158352620427e-05	0.00038541488797136	5.10066594423874e-05	0.000233713391858044	0.00283463072955398	2.7645851252952e-05	0.00024947596547539	0.000607670623099148	0.000299097935610252	2.97549638562509e-05	0.000155744494200564	0.000689601323843409	5.561132595416e-05	0.000114668918432259	0.000226388192743846
merged_BioGeo.Itg.06.FP435.S36_merged__kneaddata_paired_Abundance.RPKs	0.000294588995036696	5.23148523747934e-05	3.27593673991459e-05	0.000121678493982776	0.000331940729860356	0.00049626689820426	3.49750904882921e-05	0.000644582034564753	0.000610076490275694	5.66252205438708e-05	0.000168241081587347	4.1158352620427e-05	0.00038541488797136	5.10066594423874e-05	0.000233713391858044	0.00283463072955398	2.7645851252952e-05	0.00024947596547539	0.000607670623099148	0.000299097935610252	2.97549638562509e-05	0.000155744494200564	0.000689601323843409	5.561132595416e-05	0.000114668918432259	0.000226388192743846
merged_BioGeo.Itg.08.FP443.S44_merged__kneaddata_paired_Abundance.RPKs	0.000294588995036696	5.23148523747934e-05	3.27593673991459e-05	0.000121678493982776	0.000331940729860356	0.00049626689820426	3.49750904882921e-05	0.000644582034564753	0.000610076490275694	5.66252205438708e-05	0.000168241081587347	4.1158352620427e-05	0.00038541488797136	5.10066594423874e-05	0.000233713391858044	0.00283463072955398	2.7645851252952e-05	0.00024947596547539	0.000607670623099148	0.000299097935610252	2.97549638562509e-05	0.000155744494200564	0.000689601323843409	5.561132595416e-05	0.000114668918432259	0.000226388192743846
merged_BioGeo.Itg.08.FP447.S48_merged__kneaddata_paired_Abundance.RPKs	0.000294588995036696	5.23148523747934e-05	3.27593673991459e-05	0.000121678493982776	0.000331940729860356	0.00049626689820426	3.49750904882921e-05	0.000644582034564753	0.000610076490275694	5.66252205438708e-05	0.000168241081587347	4.1158352620427e-05	0.00038541488797136	5.10066594423874e-05	0.000233713391858044	0.00283463072955398	2.7645851252952e-05	0.00024947596547539	0.000607670623099148	0.000299097935610252	2.97549638562509e-05	0.000155744494200564	0.000689601323843409	5.561132595416e-05	0.000114668918432259	0.000226388192743846
merged_BioGeo.Itg.10.FP455.S57_merged__kneaddata_paired_Abundance.RPKs	0.000294588995036696	5.23148523747934e-05	3.27593673991459e-05	0.000121678493982776	0.000331940729860356	0.00049626689820426	3.49750904882921e-05	0.000644582034564753	0.000610076490275694	5.66252205438708e-05	0.000168241081587347	4.1158352620427e-05	0.00038541488797136	5.10066594423874e-05	0.000233713391858044	0.00283463072955398	2.7645851252952e-05	0.00024947596547539	0.000607670623099148	0.000299097935610252	2.97549638562509e-05	0.000155744494200564	0.000689601323843409	5.561132595416e-05	0.000114668918432259	0.000226388192743846
merged_BioGeo.Itg.10.FP459.S61_merged__kneaddata_paired_Abundance.RPKs	0.000294588995036696	5.23148523747934e-05	3.27593673991459e-05	0.000121678493982776	0.000331940729860356	0.00049626689820426	3.49750904882921e-05	0.000644582034564753	0.000610076490275694	5.66252205438708e-05	0.000168241081587347	4.1158352620427e-05	0.00038541488797136	5.10066594423874e-05	0.000233713391858044	0.00283463072955398	2.7645851252952e-05	0.00024947596547539	0.000607670623099148	0.000299097935610252	2.97549638562509e-05	0.000155744494200564	0.000689601323843409	5.561132595416e-05	0.000114668918432259	0.000226388192743846
merged_BioGeo.Itg.12.FP467.S69_merged__kneaddata_paired_Abundance.RPKs	0.000294588995036696	5.23148523747934e-05	3.27593673991459e-05	0.000121678493982776	0.000331940729860356	0.00049626689820426	3.49750904882921e-05	0.000644582034564753	0.00059501524244673	5.66252205438708e-05	0.000168241081587347	4.1158352620427e-05	0.00038541488797136	5.10066594423874e-05	0.000233713391858044	0.00338180615593476	2.7645851252952e-05	0.00024947596547539	0.000607670623099148	0.000300034916377628	2.97549638562509e-05	0.000155744494200564	0.000694142985731253	5.51059344412949e-05	0.000114668918432259	0.000226388192743846
merged_BioGeo.Itg.12.FP471.S73_merged__kneaddata_paired_Abundance.RPKs	0.000294588995036696	5.23148523747934e-05	3.27593673991459e-05	0.000121678493982776	0.000331940729860356	0.00049626689820426	3.49750904882921e-05	0.000644582034564753	0.000610076490275694	5.66252205438708e-05	0.000168241081587347	4.1158352620427e-05	0.00038541488797136	5.10066594423874e-05	0.000233713391858044	0.00283463072955398	2.7645851252952e-05	0.00024947596547539	0.000607670623099148	0.000299097935610252	2.97549638562509e-05	0.000155744494200564	0.000689601323843409	5.561132595416e-05	0.000114668918432259	0.000226388192743846
merged_BioGeo.Itg.16.FP479.S81.Rep1_S86__kneaddata_paired_Abundance.RPKs	0.000294588995036696	5.23148523747934e-05	3.27593673991459e-05	0.000121678493982776	0.000331940729860356	0.00049626689820426	3.49750904882921e-05	0.000644582034564753	0.000610076490275694	5.66252205438708e-05	0.000168241081587347	4.1158352620427e-05	0.00038541488797136	5.10066594423874e-05	0.000233713391858044	0.00283463072955398	2.7645851252952e-05	0.00024947596547539	0.000607670623099148	0.000299097935610252	2.97549638562509e-05	0.000155744494200564	0.000689601323843409	5.561132595416e-05	0.000114668918432259	0.000226388192743846
merged_BioGeo.Itg.16.FP483.S86_merged__kneaddata_paired_Abundance.RPKs	0.000294588995036696	5.23148523747934e-05	3.27593673991459e-05	0.000121678493982776	0.000331940729860356	0.000656223215081683	3.49275371473849e-05	0.000644582034564753	0.000593461464474325	5.6713308743906e-05	0.000321864889537964	5.25587225523973e-05	0.000343524165521089	5.10066594423874e-05	0.000247869715672028	0.00344140439985683	2.55553597297629e-05	0.00024947596547539	0.000607670623099148	0.000300175235860475	2.86212184050259e-05	0.000155744494200564	0.00069482380210871	5.97539659859555e-05	0.000114668918432259	0.000282870914958014
merged_BioGeo.Itg.18.FP491.S94_merged__kneaddata_paired_Abundance.RPKs	0.000294588995036696	5.23148523747934e-05	3.27593673991459e-05	0.000121678493982776	0.000331940729860356	0.00049626689820426	3.49750904882921e-05	0.000644582034564753	0.000610076490275694	5.66252205438708e-05	0.000168241081587347	4.1158352620427e-05	0.00038541488797136	5.10066594423874e-05	0.000233713391858044	0.00283463072955398	2.7645851252952e-05	0.00024947596547539	0.000607670623099148	0.000299842347645428	2.97549638562509e-05	0.000155744494200564	0.000693208945078064	5.5209550020313e-05	0.000114668918432259	0.000226388192743846
merged_BioGeo.Itg.20.FP503.S6_merged__kneaddata_paired_Abundance.RPKs	0.000294588995036696	5.23148523747934e-05	3.27593673991459e-05	0.000121678493982776	0.000331940729860356	0.00049626689820426	3.49750904882921e-05	0.000644582034564753	0.000610076490275694	5.66252205438708e-05	0.000168241081587347	4.1158352620427e-05	0.00038541488797136	5.10066594423874e-05	0.000233713391858044	0.00283463072955398	2.7645851252952e-05	0.00024947596547539	0.000607670623099148	0.000299097935610252	2.97549638562509e-05	0.000155744494200564	0.000689601323843409	5.561132595416e-05	0.000114668918432259	0.000226388192743846
merged_BioGeo.Itg.20.FP507.S10_merged__kneaddata_paired_Abundance.RPKs	0.000294588995036696	5.23148523747934e-05	3.27593673991459e-05	0.000121678493982776	0.000331940729860356	0.00049626689820426	3.49750904882921e-05	0.000644582034564753	0.000610076490275694	5.66252205438708e-05	0.000168241081587347	4.1158352620427e-05	0.00038541488797136	5.10066594423874e-05	0.000233713391858044	0.00283463072955398	2.7645851252952e-05	0.00024947596547539	0.000607670623099148	0.000299861082131342	2.97549638562509e-05	0.000155744494200564	0.000693299800907918	5.51994638094803e-05	0.000114668918432259	0.000226388192743846
merged_BioGeo.Itg.22.FP515.S18_merged__kneaddata_paired_Abundance.RPKs	0.000294588995036696	5.23148523747934e-05	3.27593673991459e-05	0.000121678493982776	0.000331940729860356	0.00049626689820426	3.49750904882921e-05	0.000644582034564753	0.000610076490275694	5.66252205438708e-05	0.000168241081587347	4.1158352620427e-05	0.00038541488797136	5.10066594423874e-05	0.000233713391858044	0.00283463072955398	2.7645851252952e-05	0.00024947596547539	0.000607670623099148	0.000299097935610252	2.97549638562509e-05	0.000155744494200564	0.000689601323843409	5.561132595416e-05	0.000114668918432259	0.000226388192743846
merged_BioGeo.Itg.22.FP519.S22_merged__kneaddata_paired_Abundance.RPKs	0.000294588995036696	5.23148523747934e-05	3.27593673991459e-05	0.000121678493982776	0.000331940729860356	0.00049626689820426	3.49750904882921e-05	0.000644582034564753	0.000610076490275694	5.66252205438708e-05	0.000168241081587347	4.1158352620427e-05	0.00038541488797136	5.10066594423874e-05	0.000233713391858044	0.00283463072955398	2.7645851252952e-05	0.00024947596547539	0.000607670623099148	0.000299097935610252	2.97549638562509e-05	0.000155744494200564	0.000689601323843409	5.561132595416e-05	0.000114668918432259	0.000226388192743846
merged_BioGeo.Itg.24.FP527.S30_merged__kneaddata_paired_Abundance.RPKs	0.000294588995036696	5.23148523747934e-05	3.27593673991459e-05	0.000121678493982776	0.000331940729860356	0.00049626689820426	3.49750904882921e-05	0.000644582034564753	0.000610076490275694	5.66252205438708e-05	0.000168241081587347	4.1158352620427e-05	0.00038541488797136	5.10066594423874e-05	0.000233713391858044	0.00283463072955398	2.7645851252952e-05	0.00024947596547539	0.000607670623099148	0.000299097935610252	2.97549638562509e-05	0.000155744494200564	0.000689601323843409	5.561132595416e-05	0.000114668918432259	0.000226388192743846
merged_BioGeo.Itg.24.FP531.S34_merged__kneaddata_paired_Abundance.RPKs	0.000294588995036696	5.23148523747934e-05	3.27593673991459e-05	0.000121678493982776	0.000331940729860356	0.00049626689820426	3.49750904882921e-05	0.000644582034564753	0.000610076490275694	5.66252205438708e-05	0.000168241081587347	4.1158352620427e-05	0.00038541488797136	5.10066594423874e-05	0.000233713391858044	0.00283463072955398	2.7645851252952e-05	0.00024947596547539	0.000607670623099148	0.000299097935610252	2.97549638562509e-05	0.000155744494200564	0.000689601323843409	5.561132595416e-05	0.000114668918432259	0.000226388192743846
merged_BioGeo.Itg.26.FP539.S43_merged__kneaddata_paired_Abundance.RPKs	0.000294588995036696	5.23148523747934e-05	3.27593673991459e-05	0.000121678493982776	0.000331940729860356	0.00049626689820426	3.49750904882921e-05	0.000644582034564753	0.000610076490275694	5.66252205438708e-05	0.000168241081587347	4.1158352620427e-05	0.00038541488797136	5.10066594423874e-05	0.000233713391858044	0.00283463072955398	2.7645851252952e-05	0.00024947596547539	0.000607670623099148	0.000300093650502976	2.97549638562509e-05	0.000155744494200564	0.000694427936733133	5.50743573120439e-05	0.000114668918432259	0.000226388192743846
merged_BioGeo.Itg.26.FP543.S47_merged__kneaddata_paired_Abundance.RPKs	0.000294588995036696	5.23148523747934e-05	3.27593673991459e-05	0.000121678493982776	0.000331940729860356	0.00049626689820426	3.49750904882921e-05	0.000644582034564753	0.000610076490275694	5.66252205438708e-05	0.000168241081587347	4.1158352620427e-05	0.00038541488797136	5.10066594423874e-05	0.000233713391858044	0.00283463072955398	2.7645851252952e-05	0.00024947596547539	0.000607670623099148	0.000299097935610252	2.97549638562509e-05	0.000155744494200564	0.000689601323843409	5.561132595416e-05	0.000114668918432259	0.000226388192743846
merged_BioGeo.LYZFP303_merged__kneaddata_paired_Abundance.RPKs	0.000294588995036696	5.23148523747934e-05	3.27593673991459e-05	0.000121678493982776	0.000331940729860356	0.000564643867842932	3.49539403337924e-05	0.000644582034564753	0.000603907468739982	5.66643834127968e-05	0.000230457206631684	4.6056042321221e-05	0.000365324323621957	5.10066594423874e-05	0.000239957089431687	0.00305211565001533	2.67060993371706e-05	0.00024947596547539	0.000603250049684821	0.000299935588863219	2.92480877224702e-05	0.000155744494200564	0.00069366116379299	5.72382003986237e-05	0.000114668918432259	0.000250729410183583
merged_BioGeo.LYZFP307_merged__kneaddata_paired_Abundance.RPKs	0.000294588995036696	5.23148523747934e-05	3.27593673991459e-05	0.000121678493982776	0.000331940729860356	0.000644594672153949	3.49307823746821e-05	0.000644582034564753	0.000604051878589436	5.67072931752618e-05	0.000309807126014823	5.17362030835486e-05	0.000346307262235382	5.10066594423874e-05	0.000246890092420961	0.00304692009799234	2.56954549931005e-05	0.00024947596547539	0.000607670623099148	0.000299880783417335	2.86979138820637e-05	0.000155744494200564	0.000693395348743448	5.95898731544937e-05	0.000114668918432259	0.000278815296364889
merged_BioGeo.LYZFP315_merged__kneaddata_paired_Abundance.RPKs	0.000294801022907575	5.33200780336258e-05	3.49370172808129e-05	0.00012002408131029	0.000327979622068824	0.000618705462513601	3.49443946899093e-05	0.000631195499830236	0.000602248884413448	5.66820670031903e-05	0.000261742682435314	5.78001509309986e-05	0.000356821659966088	5.17560681601543e-05	0.000264538546636218	0.00311214927327502	2.62871937930389e-05	0.000210401419150707	0.000602756816027688	0.000299513855621784	2.90206969372289e-05	0.000154625770092633	0.000676948959912334	6.12517450297169e-05	0.000107542771967037	0.000262124669894831
merged_BioGeo.LYZFP319_merged__kneaddata_paired_Abundance.RPKs	0.000294588995036696	5.23148523747934e-05	3.27593673991459e-05	0.000121678493982776	0.000331940729860356	0.000625284545122802	3.4936236986932e-05	0.000644582034564753	0.000605585182183686	5.66971834922785e-05	0.000290059969007542	5.0368402269653e-05	0.00035101011497088	5.10066594423874e-05	0.000245248002306365	0.00299206519800429	2.59317766019101e-05	0.00024947596547539	0.000607670623099148	0.000299612041738603	2.88270475961961e-05	0.000155744494200564	0.000692092294816887	5.91885614645953e-05	0.000114668918432259	0.000272064944702646
merged_BioGeo.LYZFP327.Rep1_S105__kneaddata_paired_Abundance.RPKs	0.000294791744048816	5.32758943488494e-05	3.48402685758323e-05	0.000120096233133937	0.000328152442798814	0.000732464932430272	3.49129422417362e-05	0.000631778289920615	0.000602926528499536	5.67403702292995e-05	0.000378944891180601	6.60355184483403e-05	0.000331144809081681	5.17231635104181e-05	0.000273459222215162	0.00308754106973775	2.49299575355488e-05	0.000212041555970981	0.000607670623099148	0.000299460156548518	2.82775172020524e-05	0.000154674635435472	0.000677329848392009	6.44262801749583e-05	0.000107849794370626	0.000301474733635552
merged_BioGeo.LYZFP339_merged__kneaddata_paired_Abundance.RPKs	0.000294844694517547	5.35282682689688e-05	3.53941527716687e-05	0.00011968479994437	0.000327166876542777	0.000627725926883894	3.49431157471e-05	0.000628456288728596	0.000599307425524968	5.66844366759964e-05	0.000266085884757636	6.0196910788576e-05	0.000355477048904353	5.19110697798371e-05	0.000269532944548594	0.00322025882804746	2.62313152910115e-05	0.000202767835501823	0.000601873386348193	0.000299553195335356	2.89902957604723e-05	0.000154395895847773	0.000674136280383109	6.19521715049017e-05	0.000106103689953029	0.000263670779161104
merged_BioGeo.LYZFP351.Rep1_S106__kneaddata_paired_Abundance.RPKs	0.0002949113666455	5.38468585063896e-05	3.60977121163875e-05	0.000119167803713648	0.000325928142234103	0.000639310491169947	3.49418135486322e-05	0.00062428628859892	0.000598609702295067	5.66868495331968e-05	0.000270544853569943	6.37672101931848e-05	0.000354312747642671	5.21481308364896e-05	0.00027703939947164	0.00324621209214703	2.61744807565344e-05	0.00019138690764297	0.000601751553939487	0.00029975897807533	2.89593575814386e-05	0.000154045316306439	0.000670548997884657	6.28776132946022e-05	0.000103925583411866	0.000265249701193534
merged_BioGeo.LYZFP355_merged__kneaddata_paired_Abundance.RPKs	0.000294588995036696	5.23148523747934e-05	3.27593673991459e-05	0.000121678493982776	0.000331940729860356	0.000673406165396502	3.49227942521851e-05	0.000644582034564753	0.00060158197701123	5.67221015657429e-05	0.000339902248975325	5.37725709944254e-05	0.000339476632744715	5.10066594423874e-05	0.00024930500393735	0.00313647624199103	2.53512878693615e-05	0.00024947596547539	0.000607670623099148	0.000299316837581259	2.85093062641068e-05	0.000155744494200564	0.000690661670652654	6.07197141178736e-05	0.000114668918432259	0.000288851198274529
merged_BioGeo.Lyz2.01B.FP207.S55_merged__kneaddata_paired_Abundance.RPKs	0.000294887612903109	5.37332478873056e-05	3.584626531346e-05	0.000119351862548872	0.000326369189329587	0.00060029459228094	3.49522680639812e-05	0.000625770318781366	0.000600254321745511	5.66674809688017e-05	0.000235793920916458	5.97431043430519e-05	0.00036354966312958	5.20636125932822e-05	0.000271187367260729	0.00318522708596256	2.66324775627326e-05	0.000195403839564463	0.000602108260653504	0.000299824436251572	2.92081900184129e-05	0.000154170169486682	0.000672488746460173	6.14363135873053e-05	0.000104698974372002	0.00025270730600496
merged_BioGeo.Lyz2.01B.FP211.S59_merged__kneaddata_paired_Abundance.RPKs	0.000294588995036696	5.23148523747934e-05	3.27593673991459e-05	0.000121678493982776	0.000331940729860356	0.000613613458709362	3.49395748590572e-05	0.000644582034564753	0.000601847883558207	5.66909978497062e-05	0.000278297316328695	4.9540484902936e-05	0.000395234983536613	5.10066594423874e-05	0.000244245913307561	0.0031267637616348	2.60769146032101e-05	0.00024947596547539	0.000607670623099148	0.000299388752697653	2.89062071122239e-05	0.000155744494200564	0.000691010115758747	5.89764669246452e-05	0.000114668918432259	0.00026797520632571
merged_BioGeo.Lyz2.02B.FP219.S67_merged__kneaddata_paired_Abundance.RPKs	0.000294796368479929	5.32979125709029e-05	3.48884699673843e-05	0.000120060270996112	0.000328066305751822	0.000564559422200387	3.49601091930749e-05	0.000631487802152189	0.000602383333874223	5.66529581683568e-05	0.000211299765879112	5.34758359731528e-05	0.00037093408160142	5.17395614053984e-05	0.000259174954329769	0.0031072579843974	2.69785472249456e-05	0.000211223339631813	0.000603803358033473	0.000299815752015218	2.93954941401378e-05	0.000154650280688618	0.000678717547306052	5.94187204911434e-05	0.000107696724135767	0.000243500714171114
merged_BioGeo.Lyz2.02B.FP223.S71_merged__kneaddata_paired_Abundance.RPKs	0.000294588995036696	5.23148523747934e-05	3.27593673991459e-05	0.000121678493982776	0.000331940729860356	0.000612028423134164	3.49400306220177e-05	0.000644582034564753	0.00060434472281825	5.66901532928289e-05	0.00027671013784396	4.94279739923177e-05	0.000354299383659904	5.10066594423874e-05	0.000244109247954515	0.00303639964754037	2.60967630643942e-05	0.00024947596547539	0.000607670623099148	0.000299546665502006	2.89170239152665e-05	0.000155744494200564	0.000691775400486372	5.88427051325099e-05	0.000114668918432259	0.000267419198992798
merged_BioGeo.Lyz2.03B.FP231.S79_merged__kneaddata_paired_Abundance.RPKs	0.000294860210803466	5.36023310732295e-05	3.55572776937688e-05	0.000119564376762623	0.00032687836961507	0.000610321466108085	3.49485551575901e-05	0.000627484543877557	0.000600786618948102	5.66743589764912e-05	0.000247861716135268	5.94547796115294e-05	0.000360537700467642	5.19661940430123e-05	0.000269459009081008	0.00316562992079653	2.64693736443774e-05	0.000200089750995274	0.000603056906483893	0.000299618634720496	2.91196999051188e-05	0.000154314268035605	0.000673384467430853	6.15645530551306e-05	0.000105594751032015	0.00025712673159471
merged_BioGeo.Lyz2.03B.FP235.S83_merged__kneaddata_paired_Abundance.RPKs	0.000294588995036696	5.23148523747934e-05	3.27593673991459e-05	0.000121678493982776	0.000331940729860356	0.000628847986665121	3.49352241072357e-05	0.000644582034564753	0.000604493345158907	5.66990606551347e-05	0.000293677602527515	5.06209990395457e-05	0.000350134461907707	5.10066594423874e-05	0.000245552502029036	0.0030310682905865	2.58878131023065e-05	0.00024947596547539	0.000607670623099148	0.000299598906252695	2.88030473016354e-05	0.000155744494200564	0.000692028620913581	5.92981532638995e-05	0.000114668918432259	0.000273312141209811
merged_BioGeo.Lyz2.04B.FP243.S92_merged__kneaddata_paired_Abundance.RPKs	0.000294839648087208	5.35041911094963e-05	3.53411788292931e-05	0.000119723979452676	0.000327260737980906	0.000612504969600859	3.49473175746857e-05	0.000628772501047039	0.000600387779303265	5.66766517222854e-05	0.000251951191816814	5.88213733374807e-05	0.000359174946069104	5.1893147463203e-05	0.000267679250036782	0.00318030720653717	2.64151173802149e-05	0.000203642691992466	0.000601992210060333	0.000299658717202869	2.90902332410176e-05	0.000154422449135905	0.000674987818421376	6.13909810914741e-05	0.000106269480951278	0.000258608374104415
merged_BioGeo.Lyz2.04B.FP247.S44_merged__kneaddata_paired_Abundance.RPKs	0.000294588995036696	5.23148523747934e-05	3.27593673991459e-05	0.000121678493982776	0.000331940729860356	0.000621833582819241	3.49372206622693e-05	0.000644582034564753	0.000603341269909952	5.66953605094428e-05	0.000286568145925391	5.01236968222943e-05	0.000351861554543319	5.10066594423874e-05	0.000244952467224517	0.00307253482900909	2.59745075911179e-05	0.00024947596547539	0.000607670623099148	0.00029972894883571	2.88503651237159e-05	0.000155744494200564	0.00069265906619459	5.9024217522707e-05	0.000114668918432259	0.000270856455104129
merged_BioGeo.Lyz2.05B.FP255.S52_merged__kneaddata_paired_Abundance.RPKs	0.000294773501972002	5.31890813516467e-05	3.46504489548037e-05	0.000120238148893274	0.000328492345986954	0.000618828742372527	3.494354437002e-05	0.000632924855546256	0.000600520946831755	5.66836424971587e-05	0.000264626321195893	5.67516935673956e-05	0.000356306089491653	5.165850253049e-05	0.000261929096704102	0.0031754023410832	2.62500358163168e-05	0.00021528467448024	0.000603622723495454	0.000299679228257677	2.9000482650984e-05	0.000154770728606577	0.000679637799232975	6.08742911534222e-05	0.000108454685066818	0.000263152108954287
merged_BioGeo.Lyz2.05B.FP259.S56_merged__kneaddata_paired_Abundance.RPKs	0.000294588995036696	5.23148523747934e-05	3.27593673991459e-05	0.000121678493982776	0.000331940729860356	0.00067019562763627	3.49236757766136e-05	0.000644582034564753	0.000600120521403749	5.67204672167381e-05	0.000336512503403898	5.35459079470461e-05	0.000340227122258269	5.10066594423874e-05	0.000249037917460542	0.00319016395640904	2.53891562465296e-05	0.00024947596547539	0.000607670623099148	0.000299540128321293	2.85300904777387e-05	0.000155744494200564	0.00069174371528756	6.05036223041038e-05	0.000114668918432259	0.000287734927916614
merged_BioGeo.Lyz2.06B.FP267.S64_merged__kneaddata_paired_Abundance.RPKs	0.000294899250762391	5.37888956194147e-05	3.59693500996607e-05	0.000119261666474096	0.000326153064162344	0.000588445863402869	3.49560729061009e-05	0.000625043008647929	0.000602114862077313	5.66604334658528e-05	0.000223740312086114	5.92624832928451e-05	0.000366965591612644	5.21050131468809e-05	0.000271218673221836	0.00311702938353348	2.680013081474e-05	0.000193430560416636	0.000602332865530768	0.000299901632594951	2.92990056322584e-05	0.000154108992231917	0.000672059687967507	6.11590011583697e-05	0.000104319698720198	0.000248218425348341
merged_BioGeo.Lyz2.06B.FP271.S69_merged__kneaddata_paired_Abundance.RPKs	0.000294588995036696	5.23148523747934e-05	3.27593673991459e-05	0.000121678493982776	0.000331940729860356	0.000604337465515855	3.49422505531251e-05	0.000644582034564753	0.000603481260568639	5.66860397922511e-05	0.000269044330432017	4.88817947451597e-05	0.000356231202257966	5.10066594423874e-05	0.00024344413750604	0.00306747905215377	2.61935470918417e-05	0.00024947596547539	0.000607670623099148	0.00029994778348654	2.896973834092e-05	0.000155744494200564	0.000693720313258888	5.83972045970245e-05	0.000114668918432259	0.00026471930249017
merged_BioGeo.Lyz2.07B.FP279.S77_merged__kneaddata_paired_Abundance.RPKs	0.000294881952571643	5.37061923893987e-05	3.5786475666653e-05	0.00011939574437985	0.000326474334015403	0.00063935690768197	3.49409295688773e-05	0.000626124220186413	0.000599580800275852	5.66884875234372e-05	0.000273592918820795	6.25836860995955e-05	0.000353752048287566	5.20434821662782e-05	0.000274178345699445	0.00321012249896041	2.61359339234142e-05	0.000196367220932985	0.000602548652536129	0.000299700171116	2.89383647019786e-05	0.000154199929227947	0.000672283176319995	6.26014375871951e-05	0.000104883694962629	0.000266324232905187
merged_BioGeo.Lyz2.07B.FP283.S81_merged__kneaddata_paired_Abundance.RPKs	0.000294588995036696	5.23148523747934e-05	3.27593673991459e-05	0.000121678493982776	0.000331940729860356	0.000567447799947603	3.49531012915586e-05	0.000644582034564753	0.000606262092384082	5.6665937556218e-05	0.000233127192085813	4.6256044909965e-05	0.000365748339126893	5.10066594423874e-05	0.000240206517655321	0.0029680282773955	2.66691479730138e-05	0.00024947596547539	0.000607670623099148	0.000299891051379828	2.92280662217566e-05	0.000155744494200564	0.000693445147952791	5.73459088580123e-05	0.000114668918432259	0.000251720819766235
merged_BioGeo.Lyz2.08B.FP291.S89_merged__kneaddata_paired_Abundance.RPKs	0.000294815190437604	5.33875743757395e-05	3.50849949554074e-05	0.000119913959492089	0.000327715841815235	0.000611426262343459	3.49469036928572e-05	0.000630306196336033	0.000599031055056594	5.66774184990681e-05	0.000253326305809074	5.77897708447222e-05	0.000359166851632585	5.18063281792034e-05	0.000265239203220722	0.00323052477744834	2.63969847962738e-05	0.000207909488725045	0.000603344807875222	0.000299645237555194	2.9080381988409e-05	0.000154551175866347	0.000676604284968119	6.11109867006167e-05	0.0001070748447815	0.000259104831603807
merged_BioGeo.Lyz2.08B.FP295.S93_merged__kneaddata_paired_Abundance.RPKs	0.000294588995036696	5.23148523747934e-05	3.27593673991459e-05	0.000121678493982776	0.000331940729860356	0.000566047681769668	3.49535199988463e-05	0.000644582034564753	0.000604197599496582	5.66651619869537e-05	0.00023179286334131	4.61561831452556e-05	0.000366118068825717	5.10066594423874e-05	0.000240082028910067	0.00304168247793478	2.66875846719885e-05	0.00024947596547539	0.000607670623099148	0.000299960503423932	2.92380567254299e-05	0.000155744494200564	0.000693782012141112	5.72662507829196e-05	0.000114668918432259	0.000251225830642717
merged_BioGeo.Mouse10A_FP109_merged__kneaddata_paired_Abundance.RPKs	0.000294937365542855	5.39713396342699e-05	3.63739207901138e-05	0.000118966519283643	0.000325445770315642	0.000660262879041305	3.49367322343917e-05	0.000622664077474505	0.000592654622146548	5.66962656748414e-05	0.000288299305076226	6.64895181896909e-05	0.000349738557076546	5.22407122318961e-05	0.000281464742295575	0.00347258811091876	2.59532858966117e-05	0.000187038295936662	0.000601086689415859	0.000299432344568836	2.88387860501152e-05	0.00015390872598141	0.000667214835616578	6.39539276041432e-05	0.000103082414595382	0.000271456172554305
merged_BioGeo.Mouse10A_FP113_merged__kneaddata_paired_Abundance.RPKs	0.000294588995036696	5.23148523747934e-05	3.27593673991459e-05	0.000121678493982776	0.000331940729860356	0.000717164209626254	3.49109836414782e-05	0.000644582034564753	0.000594606311604543	5.67440027354302e-05	0.000386960107915329	5.68558440212509e-05	0.000329500617718377	5.10066594423874e-05	0.000252897542943669	0.00339743367655588	2.48466098452824e-05	0.00024947596547539	0.000607670623099148	0.000299299307829779	2.82315459035885e-05	0.000155744494200564	0.000690576741986513	6.19432425596433e-05	0.000114668918432259	0.000304016695074661
merged_BioGeo.Mouse1A_FP01_merged__kneaddata_paired_Abundance.RPKs	0.000294588995036696	5.23148523747934e-05	3.27593673991459e-05	0.000121678493982776	0.000331940729860356	0.000550266471530833	3.49582758448261e-05	0.000644582034564753	0.000604643568926448	5.66563534574067e-05	0.000216906282839249	4.50295279886555e-05	0.000370330555961444	5.10066594423874e-05	0.000238670351920199	0.00302568489827761	2.68974354524485e-05	0.00024947596547539	0.000607670623099148	0.000299798863934817	2.9351648495227e-05	0.000155744494200564	0.000692998075994088	5.6883574874282e-05	0.000114668918432259	0.000245637933595857
merged_BioGeo.Mouse1A_FP05_merged__kneaddata_paired_Abundance.RPKs	0.000294588995036696	5.23148523747934e-05	3.27593673991459e-05	0.000121678493982776	0.000331940729860356	0.000676802243794538	3.49218640780074e-05	0.000644582034564753	0.000601051746657086	5.6723826159428e-05	0.000343497528362695	5.40122653377007e-05	0.000338685613012626	5.10066594423874e-05	0.000249586989268846	0.00315589464026699	2.53113597304805e-05	0.00024947596547539	0.000607670623099148	0.000299439376556476	2.84873829344754e-05	0.000155744494200564	0.000691255427443277	6.07455670298728e-05	0.000114668918432259	0.00029003143152373
merged_BioGeo.Mouse2A_FP07_merged__kneaddata_paired_Abundance.RPKs	0.000294588995036696	5.23148523747934e-05	3.27593673991459e-05	0.000121678493982776	0.000331940729860356	0.000627051271372086	3.49357344478232e-05	0.000644582034564753	0.000593204943816617	5.66981148372085e-05	0.000291852045691574	5.04936484454629e-05	0.000350575525643151	5.10066594423874e-05	0.000245399055338264	0.00345130119318542	2.5909959579356e-05	0.00024947596547539	0.000607670623099148	0.000299533581289996	2.88151386715768e-05	0.000155744494200564	0.000691711982724117	5.9283072348316e-05	0.000114668918432259	0.000272683381169529
merged_BioGeo.Mouse2A_FP11.REP1_S55__kneaddata_paired_Abundance.RPKs	0.000294588995036696	5.23148523747934e-05	3.27593673991459e-05	0.000121678493982776	0.000331940729860356	0.000653746539666813	3.49282258875879e-05	0.000644582034564753	0.000593944028967827	5.67120319993367e-05	0.000319286566125127	5.23836123807894e-05	0.000343103400965388	5.10066594423874e-05	0.000247661642623929	0.00342283078505879	2.5585060921308e-05	0.00024947596547539	0.000603713464444495	0.00029926183882836	2.86374873380993e-05	0.000155744494200564	0.000690395220205553	6.01966651591103e-05	0.000114668918432259	0.000282007720952916
merged_BioGeo.Mouse3A_FP13_merged__kneaddata_paired_Abundance.RPKs	0.000294810431350018	5.33648967528337e-05	3.50352525341416e-05	0.000119950945144504	0.000327804437052622	0.000639934347933617	3.49386492645826e-05	0.000630604854564538	0.000595590113162571	5.66927130696709e-05	0.000281534663941761	5.97873919999773e-05	0.000353099924079911	5.17894424929456e-05	0.000267323976382451	0.0033599068956074	2.60366278363916e-05	0.000208744903746714	0.000607670623099148	0.000299707265563968	2.88842456218944e-05	0.000154576230988107	0.000677229005563101	6.18602943713021e-05	0.000107231913565514	0.000269106171690533
merged_BioGeo.Mouse3A_FP17_merged__kneaddata_paired_Abundance.RPKs	0.000294588995036696	5.23148523747934e-05	3.27593673991459e-05	0.000121678493982776	0.000331940729860356	0.000529685251648532	3.496458235215e-05	0.000644582034564753	0.000605422785041479	5.66446748536459e-05	0.000197929099256232	4.35571068129073e-05	0.000375953241044119	5.10066594423874e-05	0.000236804957784323	0.00299784825952691	2.71769541079134e-05	0.00024947596547539	0.000607670623099148	0.000299251867340857	2.95026049621155e-05	0.000155744494200564	0.000690346914585133	5.65594533686574e-05	0.000114668918432259	0.000238325554912944
merged_BioGeo.Mouse4A_FP23.Rep1_S92__kneaddata_paired_Abundance.RPKs	0.000294588995036696	5.23148523747934e-05	3.27593673991459e-05	0.000121678493982776	0.000331940729860356	0.000571631589020922	3.49518532053463e-05	0.000644582034564753	0.00060510497354227	5.66682494386666e-05	0.00023712733379151	4.65543574746682e-05	0.000364647340389098	5.10066594423874e-05	0.000240577790578434	0.00300918407625561	2.66142288465148e-05	0.00024947596547539	0.000607670623099148	0.00029924161032352	2.9198296217615e-05	0.000155744494200564	0.000690297226673883	5.78273913252935e-05	0.000114668918432259	0.000253199194750063
merged_BioGeo.Mouse5A_FP25_merged__kneaddata_paired_Abundance.RPKs	0.000294865523203957	5.36276997011644e-05	3.56132129092977e-05	0.000119523161436698	0.000326779622809415	0.000663750325672872	3.49336405083004e-05	0.000627152020513513	0.000594392692092173	5.6701995644765e-05	0.000299378656518634	6.38183041202382e-05	0.000348767576961025	5.1985073644117e-05	0.000274743912147623	0.00340561368197403	2.58191513073673e-05	0.000199176946186461	0.000607670623099148	0.000299325350930742	2.87655430848671e-05	0.000154286326102184	0.000671618469156729	6.33509776282337e-05	0.000105420786877569	0.000275267835957422
merged_BioGeo.Mouse5A_FP29.REP1_S53__kneaddata_paired_Abundance.RPKs	0.000294834657881947	5.34803873302479e-05	3.5288833664247e-05	0.000119762729074317	0.000327353567680169	0.000623677620081775	3.49439706186037e-05	0.000629085271088851	0.000596299999165942	5.6682852727984e-05	0.000263178831410531	5.94898705689865e-05	0.000357731597836023	5.18754277209886e-05	0.000268204722434242	0.00333297664818192	2.6268659148452e-05	0.000204509660126331	0.000607670623099148	0.000299527021878462	2.90106148243053e-05	0.00015444870904734	0.000674700142405304	6.17427905969046e-05	0.000106433553434253	0.000262636821321702
merged_BioGeo.Mouse6A_FP31_merged__kneaddata_paired_Abundance.RPKs	0.000294787147336342	5.32540124399362e-05	3.47923887472006e-05	0.000120131985331964	0.00032823807541503	0.000599999701712113	3.49493784052941e-05	0.000632067104932468	0.000597583768935137	5.66728338761566e-05	0.000245159939388149	5.58421021250602e-05	0.000362469044976586	5.17068663517752e-05	0.000261539109437877	0.00328459006726783	2.65054955385135e-05	0.000212856441509157	0.000607670623099148	0.000299651960063056	2.9139309282126e-05	0.000154698846290386	0.000678566630025614	6.04770121045709e-05	0.000108002056015636	0.000256143505345746
merged_BioGeo.Mouse6A_FP35.Rep1_S93__kneaddata_paired_Abundance.RPKs	0.000294588995036696	5.23148523747934e-05	3.27593673991459e-05	0.000121678493982776	0.000331940729860356	0.000592635182818152	3.49456557172971e-05	0.000644582034564753	0.000598467145984541	5.66797306156915e-05	0.000257495378363983	4.8049937598205e-05	0.000359204512823353	5.10066594423874e-05	0.000242425724847205	0.00325152940842997	2.6342346755251e-05	0.00024947596547539	0.000607670623099148	0.000299290265260835	2.90506873077841e-05	0.000155744494200564	0.000690532933345278	5.8420142816626e-05	0.000114668918432259	0.000260604696216135
merged_BioGeo.Mouse7A_FP37_merged__kneaddata_paired_Abundance.RPKs	0.000294778028377356	5.32106159026812e-05	3.46975010673575e-05	0.000120202927119422	0.00032840798844271	0.00066255610673182	3.49313799729752e-05	0.000632640258081201	0.000592357217082334	5.67061854926628e-05	0.00030761187662883	6.02279751853706e-05	0.000346820970300315	5.16745432695136e-05	0.000266195865063047	0.00348412326590755	2.57212941315982e-05	0.000214477654848167	0.000607670623099148	0.000299473782826377	2.87120479100171e-05	0.0001547468819538	0.000678339433012602	6.23046160293029e-05	0.00010830443405693	0.000278071679394729
merged_BioGeo.Mouse7A_FP41.REP1_S54__kneaddata_paired_Abundance.RPKs	0.000294588995036696	5.23148523747934e-05	3.27593673991459e-05	0.000121678493982776	0.000331940729860356	0.000646782454867327	3.49301695888897e-05	0.000644582034564753	0.000594172168677745	5.6708429029832e-05	0.000312066288413539	5.18910170841789e-05	0.0003457808893506	5.10066594423874e-05	0.000247074919520699	0.00341406988073668	2.56689724276495e-05	0.00024947596547539	0.000607670623099148	0.000299281017810377	2.86834241365952e-05	0.000155744494200564	0.000690488132864102	5.99882212980385e-05	0.000114668918432259	0.0002795788492506
merged_BioGeo.Mouse8A_FP85_merged__kneaddata_paired_Abundance.RPKs	0.000294870913907609	5.36534481560723e-05	3.56700170137468e-05	0.000119481346250705	0.000326679436658763	0.00058705681541351	3.49556416246287e-05	0.000626814688948619	0.000601449297286905	5.6661232263866e-05	0.000225090677429877	5.80508205512903e-05	0.000367066206120787	5.20042348558388e-05	0.000268359082461755	0.00314132890878583	2.6781101228927e-05	0.000198252828089672	0.000604155534619959	0.000299782545399597	2.92887047849989e-05	0.000154257975156173	0.000673433820201128	6.0888853935692e-05	0.000105244406733626	0.000248725209905039
merged_BioGeo.Mouse8A_FP89_merged__kneaddata_paired_Abundance.RPKs	0.000294760031416495	5.31250194625115e-05	3.45106088826523e-05	0.000120343000805529	0.000328743461440951	0.000677184014262062	3.49268244926232e-05	0.000633772207248564	0.000591344102362495	5.67146298482039e-05	0.000324543676121264	6.06149113421589e-05	0.000342914480878061	5.1610779389278e-05	0.000265732404768669	0.00352358286753743	2.55246450983647e-05	0.000217695360844489	0.000607670623099148	0.000299333712083855	2.86043892763149e-05	0.000154841708055112	0.000678906516402592	6.26118541593018e-05	0.000108902454130964	0.000283765478071452
merged_BioGeo.Mouse9A_FP101_merged__kneaddata_paired_Abundance.RPKs	0.000294588995036696	5.23148523747934e-05	3.27593673991459e-05	0.000121678493982776	0.000331940729860356	0.000692970251739509	3.49174675276627e-05	0.000644582034564753	0.000597276226746837	5.67319782693504e-05	0.000360747489487258	5.51524590504855e-05	0.000334959129436086	5.10066594423874e-05	0.000250922025311197	0.00329614479788388	2.51230545571561e-05	0.00024947596547539	0.000607670623099148	0.000299271548609875	2.83838705593099e-05	0.000155744494200564	0.000690442258873878	6.12912281273909e-05	0.000114668918432259	0.000295642679192124
merged_BioGeo.Mouse9A_FP97_merged__kneaddata_paired_Abundance.RPKs	0.000294893376405444	5.37608032591549e-05	3.59071954315207e-05	0.000119307189602534	0.0003262621466021	0.00065208366635463	3.493770270894e-05	0.000625410073035215	0.000592936537590947	5.66944671831264e-05	0.000284864725867845	6.40407372669899e-05	0.000352279171588565	5.2084113738429e-05	0.000276425647783192	0.00346167399733305	2.59954603865181e-05	0.00019442534179146	0.000607670623099148	0.000299686156393535	2.88617951184682e-05	0.000154139870558467	0.000671433430585683	6.31012186681523e-05	0.000104511055966165	0.00027026522702166
merged_BioGeo.SLCFP001_merged__kneaddata_paired_Abundance.RPKs	0.000294924039175528	5.390751653648e-05	3.62322133346795e-05	0.000119069670155869	0.000325692974512574	0.000775823597600076	3.49056220580478e-05	0.000623495308851691	0.000595773034412768	5.67539476798264e-05	0.000409331536502512	7.49847095741592e-05	0.000324126534204003	5.21932476383583e-05	0.0002901094986871	0.00335295572846314	2.46191511678912e-05	0.000189261017222498	0.000604068499232439	0.000299507243521125	2.81058861938208e-05	0.000153978730356556	0.000668481978599689	6.70268963967618e-05	0.000103514167665922	0.000311030148919537
merged_BioGeo.SLCFP005.REP1_S24__kneaddata_paired_Abundance.RPKs	0.000294588995036696	5.23148523747934e-05	3.27593673991459e-05	0.000121678493982776	0.000331940729860356	0.000680413460510847	3.49208775465611e-05	0.000644582034564753	0.000598751154938951	5.67256552963082e-05	0.000347331351796748	5.42670681786136e-05	0.000337847663456803	5.10066594423874e-05	0.000249886237715888	0.00324094085394608	2.52690462353832e-05	0.00024947596547539	0.000607670623099148	0.000299396208349399	2.84641402124646e-05	0.000155744494200564	0.000691046242718185	6.0870906657904e-05	0.000114668918432259	0.000291285818432706
merged_BioGeo.SLCFP019a_merged__kneaddata_paired_Abundance.RPKs	0.000294930613665065	5.3938998769787e-05	3.63020897587623e-05	0.000119018775367219	0.000325571005267464	0.00079346023331172	3.49013367381536e-05	0.000623085153855651	0.000595403073557702	5.67618974903068e-05	0.00042766532095023	7.66449265526812e-05	0.000320528891342849	5.2216661470835e-05	0.000292235360456743	0.00336702308647418	2.44380912309709e-05	0.000188162803149873	0.000603892460136184	0.000299425253374522	2.80056455387971e-05	0.000153944191899114	0.000667642177356136	6.76301444609423e-05	0.000103301050705166	0.000316693631691569
merged_BioGeo.SLCFP023.REP1_S26__kneaddata_paired_Abundance.RPKs	0.000294764505392958	5.3146292223034e-05	3.45570229702993e-05	0.000120308170999858	0.000328660047175064	0.000703513697380997	3.49198249429724e-05	0.000633490711298958	0.000599716520837447	5.67276069991538e-05	0.000351445455987907	6.27595245988917e-05	0.000336954723971105	5.16266273542454e-05	0.000268398596753244	0.00320509695524102	2.5223937202378e-05	0.000216893205006699	0.000607670623099148	0.000299493947827881	2.84393509258444e-05	0.000154818131662021	0.000679367919655278	6.33095425396007e-05	0.000108753633132451	0.000292627220377256
merged_BioGeo.SLCFP071.REP1_S27__kneaddata_paired_Abundance.RPKs	0.000294588995036696	5.23148523747934e-05	3.27593673991459e-05	0.000121678493982776	0.000331940729860356	0.000697949921013815	3.49161238139796e-05	0.000644582034564753	0.000597884196136717	5.67344700105532e-05	0.000366104084349641	5.55033258646776e-05	0.000333824272642691	5.10066594423874e-05	0.00025133077828113	0.00327332504191449	2.50656409327559e-05	0.00024947596547539	0.000607670623099148	0.00029955972030492	2.83522704572873e-05	0.000155744494200564	0.000691838677221076	6.1265664808035e-05	0.000114668918432259	0.00029736843404504
merged_BioGeo.SLCFP077_merged__kneaddata_paired_Abundance.RPKs	0.000294588995036696	5.23148523747934e-05	3.27593673991459e-05	0.000121678493982776	0.000331940729860356	0.00065135229980456	3.49288929502077e-05	0.000644582034564753	0.000603202196431887	5.67107954650472e-05	0.000316799298583472	5.22142938426529e-05	0.000344685548350292	5.10066594423874e-05	0.000247460203741343	0.00307756217243389	2.56138434541748e-05	0.00024947596547539	0.000607670623099148	0.00029944635335718	2.86532484721204e-05	0.000155744494200564	0.000691289237215189	6.00250740492075e-05	0.000114668918432259	0.000281172960505537
merged_BioGeo.SLCFP091.REP1_S29__kneaddata_paired_Abundance.RPKs	0.000294944310956102	5.4004617241992e-05	3.64478839981996e-05	0.000118912777929109	0.000325316972259569	0.000743256292495159	3.49146309956535e-05	0.000622231084821579	0.000596635603340732	5.67372383671888e-05	0.000372101466969088	7.33288518616058e-05	0.000332565718763957	5.22654578730308e-05	0.000289386174840178	0.00332028831531827	2.50019321489049e-05	0.000185885085154275	0.000607670623099148	0.000299631884437561	2.831718378789e-05	0.000153872248156463	0.000667690545802528	6.62734091478895e-05	0.000102857755763318	0.000299291613026839
merged_BioGeo.SLCFP095_merged__kneaddata_paired_Abundance.RPKs	0.000294588995036696	5.23148523747934e-05	3.27593673991459e-05	0.000121678493982776	0.000331940729860356	0.00056323577968374	3.49543624760259e-05	0.000644582034564753	0.00060643917494983	5.66636015011486e-05	0.000229119698510138	4.59555809815894e-05	0.000366862557719639	5.10066594423874e-05	0.000239831646234838	0.00296175827367278	2.67246999579758e-05	0.00024947596547539	0.000607670623099148	0.000299350018402301	2.92581635199166e-05	0.000155744494200564	0.000690822433569959	5.75177823723539e-05	0.000114668918432259	0.000250231352290478
merged_BioGeo.SLCFP109_merged__kneaddata_paired_Abundance.RPKs	0.000294588995036696	5.23148523747934e-05	3.27593673991459e-05	0.000121678493982776	0.000331940729860356	0.000661459273199075	3.49260853336736e-05	0.000644582034564753	0.000592041870066197	5.67160001158982e-05	0.000327333842304119	5.29288046740387e-05	0.000342282686924436	5.10066594423874e-05	0.00024830861120745	0.00349637830664067	2.54928073464908e-05	0.00024947596547539	0.000607670623099148	0.000299097935610252	2.85869393063863e-05	0.000155744494200564	0.000689601323843409	6.0507187029614e-05	0.000114668918432259	0.000284694811959531
merged_BioGeo.SLCFP113_merged__kneaddata_paired_Abundance.RPKs	0.000294588995036696	5.23148523747934e-05	3.27593673991459e-05	0.000121678493982776	0.000331940729860356	0.00049626689820426	3.49750904882921e-05	0.000644582034564753	0.000610076490275694	5.66252205438708e-05	0.000168241081587347	4.1158352620427e-05	0.00038541488797136	5.10066594423874e-05	0.000233713391858044	0.00283463072955398	2.7645851252952e-05	0.00024947596547539	0.000607670623099148	0.000299097935610252	2.97549638562509e-05	0.000155744494200564	0.000689601323843409	5.561132595416e-05	0.000114668918432259	0.000226388192743846
merged_BioGeo.SLCFP127_merged__kneaddata_paired_Abundance.RPKs	0.000294588995036696	5.23148523747934e-05	3.27593673991459e-05	0.000121678493982776	0.000331940729860356	0.000786413538125337	3.48930096454716e-05	0.000644582034564753	0.000596799322518452	5.67773482884406e-05	0.000464442294272418	6.17141067927244e-05	0.000314600859880857	5.10066594423874e-05	0.000258415340865975	0.00331410855740509	2.40881408702897e-05	0.00024947596547539	0.000607670623099148	0.000299381208477591	2.78113557308818e-05	0.000155744494200564	0.000690973560137285	6.37661962577597e-05	0.000114668918432259	0.00032784581171398
merged_BioGeo.SLCFP131.REP1_S33__kneaddata_paired_Abundance.RPKs	0.000294588995036696	5.23148523747934e-05	3.27593673991459e-05	0.000121678493982776	0.000331940729860356	0.000726058757093539	3.49086276264388e-05	0.000644582034564753	0.000597430947096396	5.67483725935422e-05	0.000396713071144935	5.74812501340502e-05	0.00032752816658209	5.10066594423874e-05	0.00025361734005238	0.00329032886882055	2.47465320961332e-05	0.00024947596547539	0.000607670623099148	0.000299585820900125	2.81762945251296e-05	0.000155744494200564	0.000691965191553305	6.20230805291229e-05	0.000114668918432259	0.000307088669890272
merged_BioGeo.TL1A_FP_625.REP1_S16__kneaddata_paired_Abundance.RPKs	0.000294588995036696	5.23148523747934e-05	3.27593673991459e-05	0.000121678493982776	0.000331940729860356	0.00063067675804065	3.49347054128952e-05	0.000644582034564753	0.000595952142720614	5.67000219702939e-05	0.000295538886093893	5.07505995327742e-05	0.000349686459495715	5.10066594423874e-05	0.000245708510765636	0.0033461574391657	2.58653136468422e-05	0.00024947596547539	0.000607670623099148	0.000299453278801477	2.87907605178633e-05	0.000155744494200564	0.000691322798540227	5.94319234314695e-05	0.000114668918432259	0.000273951939865228
merged_BioGeo.TL1A_FP_629_merged__kneaddata_paired_Abundance.RPKs	0.00029495885823599	5.40743496921841e-05	3.66030417447328e-05	0.000118800257187312	0.000325047290152564	0.000577533403168044	3.49610560521821e-05	0.000621324678997277	0.00060306397135069	5.66512046971271e-05	0.000208432997346796	6.07323889771802e-05	0.000415954296026032	5.23173060603635e-05	0.000275982371073954	0.00308256348139623	2.7020485553285e-05	0.000183481265108647	0.000601365186997261	0.000299665512100395	2.94181512187232e-05	0.000153795860164363	0.000666857259987426	6.15863727586078e-05	0.000102388006927148	0.000242400594258184
merged_BioGeo.TL1A_FP_637_merged__kneaddata_paired_Abundance.RPKs	0.00029513652313986	5.49294772849884e-05	3.85242440291127e-05	0.000117430568548136	0.000321763234813233	0.000548303990847532	3.49750904882921e-05	0.000610309866644721	0.000590046990433895	5.66252205438708e-05	0.000168241081587347	6.54511861253407e-05	0.000436293956225597	5.29524943976681e-05	0.000290691181679252	0.00357447685644366	2.7645851252952e-05	0.000155389991773154	0.000598962097557887	0.000300072325756056	2.97549638562509e-05	0.000152864620414937	0.000656705291718094	6.23169052504258e-05	9.67386413268086e-05	0.000226388192743846
merged_BioGeo.TL1A_FP_641_merged__kneaddata_paired_Abundance.RPKs	0.000294991288449645	5.42299598045186e-05	3.69501068458345e-05	0.000118549616651621	0.000324446514822642	0.000534253003264153	3.49750904882921e-05	0.000619306487695602	0.000590952461820049	5.66252205438708e-05	0.000168241081587347	5.84631171068485e-05	0.00043183312807832	5.24329790030534e-05	0.000274977907217735	0.00353890523231893	2.7645851252952e-05	0.000178178946135819	0.000600461163536834	0.00030032839866762	2.97549638562509e-05	0.000153625643640543	0.000667796172345315	6.02120633259177e-05	0.00010134470801947	0.000226388192743846
merged_BioGeo.TL1A_FP_673.REP1_S20__kneaddata_paired_Abundance.RPKs	0.000294588995036696	5.23148523747934e-05	3.27593673991459e-05	0.000121678493982776	0.000331940729860356	0.000688441563976345	3.49186937662645e-05	0.000644582034564753	0.000596960559717802	5.67297044599014e-05	0.000355893725628437	5.48332437031386e-05	0.000335996431496771	5.10066594423874e-05	0.000250549304935958	0.00330802891857983	2.51755051060669e-05	0.00024947596547539	0.000607670623099148	0.000299807231696685	2.8412722828888e-05	0.000155744494200564	0.000693038653157311	6.08619846546757e-05	0.000114668918432259	0.000294072210006552
merged_BioGeo.TL1A_FP_677.REP1_S21__kneaddata_paired_Abundance.RPKs	0.000294917627756554	5.38768236866755e-05	3.61641341737114e-05	0.000119119313597156	0.000325811941791373	0.000617673457723671	3.49481431482633e-05	0.000623895424849241	0.000604795502954575	5.66751222552151e-05	0.000249219439376627	6.23078559512801e-05	0.000361384195371573	5.2170419356979e-05	0.00027569020806907	0.003020245748383	2.645130487177e-05	0.000190335080600629	0.000607670623099148	0.000300052866358694	2.9109888426235e-05	0.000154012416239493	0.000671522358122351	6.2138293926911e-05	0.000103722212349582	0.000257619516463619
merged_BioGeo.TL1A_FP_685.REP1_S22__kneaddata_paired_Abundance.RPKs	0.000295081344639001	5.46632043821763e-05	3.79223659124451e-05	0.000117855067106109	0.0003227812941533	0.000581412750679944	3.49635355700376e-05	0.000613719911573333	0.000588883655884946	5.66466131639817e-05	0.000201018791019541	6.60018271365595e-05	0.000431496594976805	5.27548301667123e-05	0.000288422107572303	0.00362047924300394	2.7130460099635e-05	0.000163863889044518	0.000599696558637172	0.00030014414673615	2.94775226806159e-05	0.000153153508673553	0.000660787323393137	6.27215324799796e-05	9.84758582385948e-05	0.000239531604565409
merged_BioGeo.TL1A_FP_685_merged__kneaddata_paired_Abundance.RPKs	0.00029516181746924	5.50517471290695e-05	3.88017155045379e-05	0.000117236243746922	0.00032129711620571	0.000592969113801244	3.4962522294706e-05	0.000608749950812549	0.000587175535458105	5.66484894895498e-05	0.000204032415923958	7.03577903656913e-05	0.000433096018632511	5.3043222849552e-05	0.00029761640758738	0.00368863883633448	2.70854915836701e-05	0.000151580924687832	0.000600101385094549	0.000300117342911159	2.94532530680963e-05	0.000152732291560135	0.000655205661705222	6.39466679030111e-05	9.59475063339627e-05	0.000240701965282135
merged_BioGeo.TL1A_FP_689.Rep1_S104__kneaddata_paired_Abundance.RPKs	0.000295009752850381	5.43186537178761e-05	3.71484341830162e-05	0.000118407036843709	0.000324104721523621	0.000579344992668449	3.49620268644916e-05	0.000618158929700395	0.000605262766654771	5.66494069202207e-05	0.000205514071787488	6.29119811111604e-05	0.000418016294607143	5.249889253628e-05	0.000281137400779794	0.00300355281628547	2.70635180445444e-05	0.000175194882687358	0.000600627830221411	0.000300260353688516	2.94413902088785e-05	0.000153528775781632	0.000666212264686588	6.18371968650262e-05	0.000100753109614379	0.000241275244885966
merged_BioGeo.TL1a_FP_101.REP1_S6__kneaddata_paired_Abundance.RPKs	0.000295019735196271	5.4366633027673e-05	3.7255873679931e-05	0.000118329991989777	0.000323920018421364	0.00053699105026219	3.49750904882921e-05	0.000617538987185705	0.000602518265681445	5.66252205438708e-05	0.000168241081587347	5.98009274512001e-05	0.000383594653478181	5.25345435270773e-05	0.000278021556849906	0.00310235355094727	2.7645851252952e-05	0.000173592149682966	0.000600939820940042	0.000299672347996108	2.97549638562509e-05	0.000153476420424058	0.000662740821366089	6.09637583975798e-05	0.000100434004605412	0.000226388192743846
merged_BioGeo.TL1a_FP_127_merged__kneaddata_paired_Abundance.RPKs	0.000294588995036696	5.23148523747934e-05	3.27593673991459e-05	0.000121678493982776	0.000331940729860356	0.000560404393618699	3.49552129275241e-05	0.000644582034564753	0.00059916964717118	5.66620262857058e-05	0.000226436984674698	4.5753525573854e-05	0.000367614850994421	5.10066594423874e-05	0.000239579029124111	0.00322537435759267	2.67621922554365e-05	0.00024947596547539	0.000607670623099148	0.000299751334431026	2.92784673953287e-05	0.000155744494200564	0.000692767606500383	5.72129561966669e-05	0.000114668918432259	0.000249229472816803
merged_BioGeo.TL1a_FP_131_merged__kneaddata_paired_Abundance.RPKs	0.000294588995036696	5.23148523747934e-05	3.27593673991459e-05	0.000121678493982776	0.000331940729860356	0.000548779605468782	3.49587274388027e-05	0.000644582034564753	0.000610076490275694	5.66555171053672e-05	0.000215518448096275	4.49232734494206e-05	0.000370731792225965	5.10066594423874e-05	0.000238536526680076	0.00283463072955398	2.69174039274899e-05	0.00024947596547539	0.000607670623099148	0.000299605466451049	2.93624457106587e-05	0.000155744494200564	0.000692060421101521	5.69446475346136e-05	0.000114668918432259	0.000245110617656571
merged_BioGeo.TL1a_FP_139_merged__kneaddata_paired_Abundance.RPKs	0.000295329542112462	5.58658138854827e-05	4.06664872875165e-05	0.000115951971830071	0.000318215369211197	0.000628022341684663	3.49573844263013e-05	0.000598458420692097	0.000593707448359047	5.66580043984784e-05	0.000219658880071828	8.08337171252018e-05	0.000442533465921758	5.36467016424004e-05	0.00031827379481106	0.0034319294284798	2.68580402895447e-05	0.00012752276130183	0.000598331066989906	0.000299365829746885	2.93303410842503e-05	0.000151856422092077	0.000640403088326462	6.72746942519133e-05	9.07845602352809e-05	0.000246680495296259
merged_BioGeo.TL1a_FP_143_merged__kneaddata_paired_Abundance.RPKs	0.000295194088257196	5.52079300716894e-05	3.91571447491586e-05	0.000116988567647109	0.000320702956164543	0.000553922705326697	3.49750904882921e-05	0.000606762785601779	0.000610076490275694	5.66252205438708e-05	0.000168241081587347	6.83296079159131e-05	0.000439765475714115	5.31590823088776e-05	0.000297038964539801	0.00283463072955398	2.7645851252952e-05	0.000146790115560913	0.000597475794670294	0.000299097935610252	2.97549638562509e-05	0.000152563556325373	0.000648233332183333	6.36650044257221e-05	9.49429315500463e-05	0.000226388192743846
merged_BioGeo.TL1a_FP_193.Rep1_S85__kneaddata_paired_Abundance.RPKs	0.000294588995036696	5.23148523747934e-05	3.27593673991459e-05	0.000121678493982776	0.000331940729860356	0.000632539834986188	3.49341777646723e-05	0.000644582034564753	0.000594813647269989	5.67009998956937e-05	0.000297438345009865	5.08826082206403e-05	0.000349231014263421	5.10066594423874e-05	0.000245867264589392	0.00338950507042427	2.58424356626957e-05	0.00024947596547539	0.000607670623099148	0.000299418098744908	2.87782642311797e-05	0.000155744494200564	0.000691152317242487	5.95049697702156e-05	0.000114668918432259	0.000274603555078386
merged_BioGeo.TL1a_FP_197.REP1_S10__kneaddata_paired_Abundance.RPKs	0.000294588995036696	5.23148523747934e-05	3.27593673991459e-05	0.000121678493982776	0.000331940729860356	0.000573022486359703	3.49514392966617e-05	0.000644582034564753	0.000603622240086595	5.66690161586134e-05	0.000238461447117137	4.6653501159362e-05	0.000364282573008473	5.10066594423874e-05	0.000240700982315643	0.00306239234832698	2.65960280412182e-05	0.00024947596547539	0.000607670623099148	0.000299566242881294	2.9188426683477e-05	0.000155744494200564	0.000691870292768171	5.76897389594483e-05	0.000114668918432259	0.000253690436570546
merged_BioGeo.TL1a_FP_205_merged__kneaddata_paired_Abundance.RPKs	0.000295000292877284	5.42732039466632e-05	3.70467584567228e-05	0.000118480074306894	0.00032427981062807	0.000627698487025071	3.49477306732796e-05	0.00061874672737267	0.000591705490559832	5.6675886406259e-05	0.000250582419020756	6.64807459835953e-05	0.000439145578863585	5.24651177605666e-05	0.000284726960398401	0.00350947795155441	2.64332217505742e-05	0.000176720566042494	0.000594384563488422	0.000300018213970653	2.91000674563619e-05	0.000153578400457022	0.000665707120891741	6.33299764271148e-05	0.000101055988011432	0.000258113333635274
merged_BioGeo.TL1a_FP_209.REP1_S11__kneaddata_paired_Abundance.RPKs	0.000295030322680957	5.44175431432554e-05	3.73699937940031e-05	0.000118248305427327	0.00032372417937303	0.000586316503588114	3.49605798226475e-05	0.000616881814311152	0.000601316732441504	5.66520866116164e-05	0.000209872407226829	6.43202295597993e-05	0.000418519204203156	5.25723682765179e-05	0.000283828440637662	0.00314618164321295	2.69993883720366e-05	0.000171900333665606	0.000596880340566998	0.000300460655420904	2.94067546269921e-05	0.000153420901960184	0.00066576050697422	6.21516470680977e-05	0.000100096114080891	0.000242953594286078
merged_BioGeo.TL1a_FP_229.REP1_S12__kneaddata_paired_Abundance.RPKs	0.000294588995036696	5.23148523747934e-05	3.27593673991459e-05	0.000121678493982776	0.000331940729860356	0.000667146767417798	3.49245148746517e-05	0.000644582034564753	0.000596469226022877	5.6718911567424e-05	0.00033330171574123	5.33306011830071e-05	0.000340942252596553	5.10066594423874e-05	0.000248783821509927	0.0033265751545725	2.54252278870929e-05	0.00024947596547539	0.000607670623099148	0.000299592358579266	2.85498811711649e-05	0.000155744494200564	0.000691996881820481	6.03885968715922e-05	0.000114668918432259	0.000286674401964475
merged_BioGeo.TL1a_FP_233.REP1_S13__kneaddata_paired_Abundance.RPKs	0.000294588995036696	5.23148523747934e-05	3.27593673991459e-05	0.000121678493982776	0.000331940729860356	0.000640388036231245	3.49319635725038e-05	0.000644582034564753	0.000601714822123934	5.67051037771588e-05	0.000305475599940641	5.14384420292574e-05	0.000388475899057266	5.10066594423874e-05	0.000246534021792065	0.00313162180764798	2.57465403060047e-05	0.00024947596547539	0.000603980823742749	0.000299466990102285	2.87258540893763e-05	0.000155744494200564	0.000691389245992313	5.9701837614703e-05	0.000114668918432259	0.000277346445885147
merged_BioGeo.TL1a_FP_241_merged__kneaddata_paired_Abundance.RPKs	0.000295240105189724	5.54310089237809e-05	3.96667424003752e-05	0.000116635867130855	0.000319856713111601	0.00064115390169477	3.49510261761502e-05	0.000603934965557416	0.000596127714133945	5.66697814282555e-05	0.000239796758770811	7.79501536594922e-05	0.000457814345049316	5.33245011858226e-05	0.00031023963562452	0.0033395010601562	2.65778679945822e-05	0.000140092082426273	0.000599472041574161	0.0002997745763346	2.91785775483544e-05	0.000152323123425801	0.000648313061179812	6.64538815145436e-05	9.35196829261271e-05	0.000254181220460781
merged_BioGeo.TL1a_FP_61_merged__kneaddata_paired_Abundance.RPKs	0.000295115496955628	5.48279386324454e-05	3.82943416651799e-05	0.000117592231944048	0.000322150973222924	0.000598134788799107	3.49596438062029e-05	0.000611608132803812	0.000583166670384418	5.66538200285251e-05	0.000212715989407756	6.88374643925262e-05	0.00043592676041614	5.2877131544303e-05	0.000293443126405034	0.00385149314580104	2.69579460180649e-05	0.000158592416608726	0.000598665975320177	0.000299923863021538	2.93843611382913e-05	0.000152974668127149	0.000657428805426243	6.37222731737073e-05	9.73987788739029e-05	0.000244042347858807
merged_BioGeo.TL1a_FP_65_merged__kneaddata_paired_Abundance.RPKs	0.000295041619628164	5.44718899870822e-05	3.74919512240611e-05	0.000118161177800193	0.0003235152863947	0.000539102133709014	3.49750904882921e-05	0.000616181003145442	0.000590523442649367	5.66252205438708e-05	0.000168241081587347	6.08403760304337e-05	0.00043493880000159	5.26127419064826e-05	0.00028037437126864	0.00355573384365102	2.7645851252952e-05	0.000170104317368711	0.000600286092607838	0.000300212636491	2.97549638562509e-05	0.000153361675401026	0.000663813741764785	6.09527260728746e-05	9.97362161162866e-05	0.000226388192743846
merged_BioGeo.TL1a_FP_73.REP1_S3__kneaddata_paired_Abundance.RPKs	0.00029509736873056	5.47404671710154e-05	3.80966716445227e-05	0.000117731707771912	0.000322485469581197	0.00059787300494859	3.49591833266576e-05	0.000612728607671137	0.0005858119851975	5.66546728128053e-05	0.000214121943411896	6.80540355662509e-05	0.000439544743709986	5.28121965938872e-05	0.00029159953698111	0.00374357548142402	2.69375696526202e-05	0.00016137977299639	0.000599228699881261	0.000299987802084534	2.93733475320967e-05	0.000153069583311048	0.000658959989793118	6.34842595210523e-05	9.79697529158403e-05	0.000244578865877238
merged_BioGeo.TL1a_FP_77.REP1_S4__kneaddata_paired_Abundance.RPKs	0.00029505376028319	5.45303247791936e-05	3.76232358695e-05	0.000118067580733298	0.000323290871921142	0.000540275034248672	3.49750904882921e-05	0.000615428310891919	0.000588132775448006	5.66252205438708e-05	0.000168241081587347	6.14208681919347e-05	0.000447441256214963	5.26561472374593e-05	0.000281683860114452	0.00365035164418289	2.7645851252952e-05	0.00016818471720968	0.000597942750737632	0.00029948053795756	2.97549638562509e-05	0.000153298039539114	0.000659519680654527	6.15316646948693e-05	9.93501695041338e-05	0.000226388192743846
merged_BioGeo.TL1a_FP_77_merged__kneaddata_paired_Abundance.RPKs	0.000295066921719486	5.4593706771551e-05	3.77658150118493e-05	0.000117966158124512	0.000323047681911435	0.000541547963480343	3.49750904882921e-05	0.000614612869381143	0.000589508222239869	5.66252205438708e-05	0.000168241081587347	6.20532676354612e-05	0.000437314588405245	5.27032212782628e-05	0.000283106865153375	0.00359573959487452	2.7645851252952e-05	0.000166116065030765	0.000596031814761012	0.000299373569649823	2.97549638562509e-05	0.000153229069593286	0.000658120764078192	6.17707252465362e-05	9.8932518746646e-05	0.000226388192743846
merged_BioGeo.TL1a_FP_85_merged__kneaddata_paired_Abundance.RPKs	0.000294588995036696	5.23148523747934e-05	3.27593673991459e-05	0.000121678493982776	0.000331940729860356	0.000578581786605507	3.49497899550403e-05	0.000644582034564753	0.000597734813959808	5.66720714777e-05	0.000243814855621443	4.70496216872415e-05	0.000362830840273763	5.10066594423874e-05	0.000241192196596989	0.00327892361448453	2.65235623083504e-05	0.00024947596547539	0.000607670623099148	0.000299736325668428	2.91491145933033e-05	0.000155744494200564	0.000692694833511631	5.77604111400191e-05	0.000114668918432259	0.00025565269101579
merged_BioGeo.Vil1.01B.FP07.Rep1_S107__kneaddata_paired_Abundance.RPKs	0.000294768994952586	5.31676431960481e-05	3.46036297198091e-05	0.000120273225211897	0.00032857635364347	0.000668254235735864	3.49295402820431e-05	0.000633208299841536	0.000598178393702273	5.67095955298976e-05	0.000314394919256316	6.03001707474007e-05	0.000344181889857685	5.1642532843282e-05	0.000265823322679766	0.00326231503278719	2.56417898462677e-05	0.000216089749334573	0.000603531076125602	0.000299487258618223	2.86685474151923e-05	0.000154794475134661	0.00067902640540804	6.23644241032409e-05	0.000108604397190642	0.000280364081330721
merged_BioGeo.Vil1.01B.FP11_merged__kneaddata_paired_Abundance.RPKs	0.000294588995036696	5.23148523747934e-05	3.27593673991459e-05	0.000121678493982776	0.000331940729860356	0.000610460326099206	3.49404820981368e-05	0.000644582034564753	0.000602789804073007	5.6689316691366e-05	0.000275142372154426	4.93166481668632e-05	0.00035469184485149	5.10066594423874e-05	0.000243973906633183	0.00309249717488023	2.61164321506442e-05	0.00024947596547539	0.000607670623099148	0.000299851603761392	2.89277409023742e-05	0.000155744494200564	0.000693253833676241	5.86279386660445e-05	0.000114668918432259	0.000266868994096186
merged_BioGeo.Vil1.02B.FP19_merged__kneaddata_paired_Abundance.RPKs	0.000294824831972693	5.34335316505361e-05	3.51858760893643e-05	0.000119839047877837	0.000327536393750564	0.000639796388830792	3.49391145116981e-05	0.000629701362456686	0.000600919225606857	5.66918509137341e-05	0.000279905076731818	6.03436459115717e-05	0.000352283834661039	5.18405452621448e-05	0.000268695261079706	0.00316075857237622	2.60568740253701e-05	0.000206222157726845	0.000602958353539453	0.000299625248050235	2.8895283488278e-05	0.000154500423014175	0.000675845601463147	6.20545503505637e-05	0.000106756992539375	0.000268537396073522
merged_BioGeo.Vil1.02B.FP23_merged__kneaddata_paired_Abundance.RPKs	0.000294588995036696	5.23148523747934e-05	3.27593673991459e-05	0.000121678493982776	0.000331940729860356	0.000664240050465547	3.4925316647871e-05	0.000644582034564753	0.000601981212809397	5.67174251540023e-05	0.000330248161014384	5.31252793299502e-05	0.000341626265611256	5.10066594423874e-05	0.000248541152262197	0.00312190024592788	2.54597185035184e-05	0.00024947596547539	0.000607670623099148	0.00029971442364653	2.85687977218994e-05	0.000155744494200564	0.000692588640761957	6.02381943753237e-05	0.000114668918432259	0.000285662891080365
merged_BioGeo.Vil1.03B.FP31_merged__kneaddata_paired_Abundance.RPKs	0.000294829720305356	5.34568396093897e-05	3.52370782975804e-05	0.000119801076520154	0.000327445432086273	0.000632306378479717	3.49413733011385e-05	0.000629394821637033	0.000599986324567946	5.66876652941799e-05	0.00027206073975956	5.9960807392822e-05	0.000355467183805381	5.18578976886466e-05	0.000268500547063678	0.00319511983719707	2.61552798288985e-05	0.000205369304267122	0.000607670623099148	0.000299693136067697	2.89489016018606e-05	0.000154474694427157	0.00067583478315551	6.18489851309641e-05	0.00010659602146405	0.000265784575942659
merged_BioGeo.Vil1.03B.FP35.REP1_S38__kneaddata_paired_Abundance.RPKs	0.000294755571190186	5.31038161587174e-05	3.44643681381597e-05	0.000120377728846811	0.000328826630506356	0.000550879961820486	3.49630250264376e-05	0.00063405290238652	0.000606088374934313	5.664755855227e-05	0.00020253441280041	5.09334331414807e-05	0.000373647536463589	5.15949824326928e-05	0.000254071985181805	0.00297418644511097	2.71077979183248e-05	0.000218496530906963	0.000604241975778573	0.000299357981823903	2.94652931154926e-05	0.00015486521395394	0.000679330459671964	5.88388051274076e-05	0.000109050920149377	0.000240120937840333
merged_BioGeo.Vil1.04B.FP43.Rep1_S88__kneaddata_paired_Abundance.RPKs	0.000294849801004098	5.35526372674802e-05	3.54477970628147e-05	0.000119645161038267	0.000327071912600976	0.000666071751411598	3.49325342381148e-05	0.000628136396911682	0.000598323404890836	5.67040460536902e-05	0.000303393881224534	6.33609566300326e-05	0.000346525942029186	5.19292083787021e-05	0.000273420146564864	0.00325689594984923	2.57712387375146e-05	0.000201884491791793	0.000602653620840933	0.000299572765528656	2.87393573892105e-05	0.000154369029111004	0.000673879403579099	6.31081160360671e-05	0.000105936059094548	0.000276638206544567
merged_BioGeo.Vil1.04B.FP47_merged__kneaddata_paired_Abundance.RPKs	0.000294588995036696	5.23148523747934e-05	3.27593673991459e-05	0.000121678493982776	0.000331940729860356	0.00058978945741803	3.49464888660581e-05	0.000644582034564753	0.000604949263202198	5.66781870363076e-05	0.000254708321906417	4.78474984687704e-05	0.000359933857815886	5.10066594423874e-05	0.000242176880160772	0.00301474688181773	2.63788169513692e-05	0.00024947596547539	0.000607670623099148	0.000299721649829868	2.90705098589965e-05	0.000155744494200564	0.000692623676704199	5.80980168143745e-05	0.000114668918432259	0.000259602903146058
merged_BioGeo.Vil1.05B.FP55_merged__kneaddata_paired_Abundance.RPKs	0.000294782576150625	5.3232256335024e-05	3.47448070857711e-05	0.000120167544540994	0.00032832324422786	0.000638675543002987	3.49381787826401e-05	0.000632354383721615	0.000598891581233685	5.66935849388427e-05	0.000283187406562313	5.86032624007818e-05	0.000351524077162796	5.16906621160261e-05	0.000264547287272765	0.00323571270039034	2.60161617079026e-05	0.000213668357584976	0.000603154109548386	0.000299579290711294	2.88730856301646e-05	0.000154722924761837	0.000678532676546565	6.16041884659211e-05	0.000108153579790382	0.000269681962603785
merged_BioGeo.Vil1.05B.FP59.REP1_S37__kneaddata_paired_Abundance.RPKs	0.000294588995036696	5.23148523747934e-05	3.27593673991459e-05	0.000121678493982776	0.000331940729860356	0.000556109869391645	3.4956506984367e-05	0.000644582034564753	0.000605917789714197	5.66596294984184e-05	0.000222385299649515	4.54469344277242e-05	0.000368761009261976	5.10066594423874e-05	0.000239194905202427	0.00298024062888839	2.68192905100246e-05	0.00024947596547539	0.000607670623099148	0.000299410876220677	2.93093750434357e-05	0.000155744494200564	0.000691117318508642	5.72712984305194e-05	0.000114668918432259	0.000247708879252824
merged_BioGeo.Vil1.06B.FP67_merged__kneaddata_paired_Abundance.RPKs	0.000294854971638728	5.357731782663e-05	3.55021561526962e-05	0.000119605031223321	0.00032697577059269	0.000608355947301295	3.49489668579709e-05	0.000627812572333552	0.000600653876282168	5.6673596279741e-05	0.000246508722341187	5.90968039729653e-05	0.000360679585125613	5.19475779042058e-05	0.000268776251617584	0.00317051054903886	2.64874349237837e-05	0.000200992023622349	0.000602221749168447	0.000299833296879313	2.91295056203557e-05	0.000154341827490804	0.000674770854698996	6.13294489033743e-05	0.00010576645893728	0.000256634790247746
merged_BioGeo.Vil1.06B.FP71_merged__kneaddata_paired_Abundance.RPKs	0.000294588995036696	5.23148523747934e-05	3.27593673991459e-05	0.000121678493982776	0.000331940729860356	0.000554663046549443	3.49569440807294e-05	0.000644582034564753	0.00060376428334093	5.66588199518974e-05	0.000221025032102642	4.53436106073402e-05	0.000369148547713199	5.10066594423874e-05	0.000239065230056674	0.00305727211912328	2.68385902178771e-05	0.00024947596547539	0.000607670623099148	0.000299973815955614	2.93198183406229e-05	0.000155744494200564	0.000693846586976001	5.69196864698907e-05	0.000114668918432259	0.000247196322414368
merged_BioGeo.Vil1.07B.FP79_merged__kneaddata_paired_Abundance.RPKs	0.000294819989690368	5.34104480835121e-05	3.51351925132724e-05	0.000119876667769407	0.000327626511708074	0.000614810243841837	3.49460729299857e-05	0.000630005091559939	0.000599851676414116	5.66789576384754e-05	0.000256097815531718	5.82354332478113e-05	0.000358204348365632	5.18233590243354e-05	0.000266002452853592	0.00320009679599517	2.63606066954352e-05	0.000207068725841395	0.0006024417813967	0.000299766723057338	2.90606129547168e-05	0.000154525911548288	0.000676856433136773	6.11920626515317e-05	0.000106916568236372	0.000260102789587173
merged_BioGeo.Vil1.07B.FP83_merged__kneaddata_paired_Abundance.RPKs	0.000294588995036696	5.23148523747934e-05	3.27593673991459e-05	0.000121678493982776	0.000331940729860356	0.000602839605266969	3.49426845455642e-05	0.000644582034564753	0.000605750123868415	5.66852356431799e-05	0.000267558287504111	4.87753743113833e-05	0.000356609475608853	5.10066594423874e-05	0.000243314218109812	0.00298619801393264	2.62124887643177e-05	0.00024947596547539	0.000607670623099148	0.000299870801626459	2.89800493277175e-05	0.000155744494200564	0.000693346938351035	5.83963285671966e-05	0.000114668918432259	0.00026419308805213
merged_BioGeo.Vil1.08B.FP92.REP1_S41__kneaddata_paired_Abundance.RPKs	0.000294876388387297	5.36796028469144e-05	3.57277496945595e-05	0.000119438889099088	0.000326577710183384	0.000597721862023177	3.49526840369185e-05	0.000626472210937195	0.000601184232253775	5.66667104446516e-05	0.000234460708301673	5.91013133773009e-05	0.00036375494479854	5.20236972827589e-05	0.000269867922723836	0.00315103627639933	2.66507814651182e-05	0.000197316555749221	0.000601497772253264	0.000299790638344362	2.92181120174793e-05	0.000154229186543578	0.000673096963010171	6.12611573450132e-05	0.000105065438261701	0.000252214579049577
merged_BioGeo.Vil1.08B.FP94.REP1_S42__kneaddata_paired_Abundance.RPKs	0.000294588995036696	5.23148523747934e-05	3.27593673991459e-05	0.000121678493982776	0.000331940729860356	0.00056182282457407	3.49547866103809e-05	0.000644582034564753	0.000606619878351295	5.66628159097872e-05	0.000227779805947275	4.58547566267595e-05	0.000367237643792729	5.10066594423874e-05	0.000239705644846848	0.00295536782190746	2.67433947644455e-05	0.00024947596547539	0.000607670623099148	0.000300002560627603	2.92682885520134e-05	0.000155744494200564	0.00069398602354573	5.71175955454057e-05	0.000114668918432259	0.000249731445606211
merged_BioGeo.Vil1.09B.FP104_merged__kneaddata_paired_Abundance.RPKs	0.000294951468219584	5.40389202086685e-05	3.65241809247226e-05	0.000118857410708564	0.000325184273828842	0.000632876813821316	3.49448167744992e-05	0.000621785047742371	0.000597119477586043	5.66812849695502e-05	0.000260317170861983	6.48892595093926e-05	0.000356790780855491	5.2290964135212e-05	0.000280385662463236	0.00330204297827853	2.63056479841387e-05	0.00018470044333854	0.000601228307105254	0.000299638546656715	2.90307334953646e-05	0.000153834662649943	0.0006672334652602	6.31831812539975e-05	0.000102626503489211	0.000261615417115482
merged_BioGeo.Vil1.09B.FP106_merged__kneaddata_paired_Abundance.RPKs	0.000294588995036696	5.23148523747934e-05	3.27593673991459e-05	0.000121678493982776	0.000331940729860356	0.000539570424204682	3.49615382632529e-05	0.000644582034564753	0.000606993305159734	5.66503117187329e-05	0.000206980563889664	4.42647578245964e-05	0.000373234002630271	5.10066594423874e-05	0.000237704430652262	0.00294218664734603	2.70418559678249e-05	0.00024947596547539	0.000607670623099148	0.00029934193140532	2.9429693124424e-05	0.000155744494200564	0.000690783250719274	5.68107861003255e-05	0.000114668918432259	0.000241841294111649
merged_BioGeo.Vil1.10B.FP116.REP1_S44__kneaddata_paired_Abundance.RPKs	0.000294974436389089	5.41490716135733e-05	3.67695556727346e-05	0.000118679824939054	0.000324758628710983	0.000677473237112676	3.49330929280467e-05	0.000620354798796916	0.000595211576248011	5.67030105449579e-05	0.000301362757552268	6.94112398572572e-05	0.000346742014894493	5.23728554803324e-05	0.000286662396987496	0.00337431780927352	2.57954301359693e-05	0.000180924509798869	0.000601626448575031	0.000299403581087582	2.87525802829983e-05	0.00015371408215427	0.000664549354275765	6.48667887547384e-05	0.00010188617475296	0.000275945712425212
merged_BioGeo.Vil1.10B.FP118.REP1_S45__kneaddata_paired_Abundance.RPKs	0.000294905244409996	5.38175657257075e-05	3.60328216989588e-05	0.000119215228325754	0.000326041786494472	0.000558616085135585	3.49651198463926e-05	0.000624668605028533	0.000610076490275694	5.66436796079835e-05	0.000196351940129358	5.71210887558043e-05	0.000375148836499366	5.21263410659751e-05	0.000269000274310469	0.00283463072955398	2.72008427165858e-05	0.000192418217348237	0.000602858357089344	0.000299500608513839	2.95154880324361e-05	0.000154077490363096	0.000669735563185894	6.05409835555488e-05	0.000104124638244975	0.000237707470576427
merged_BioGeo.Vil1.13B.FP152_merged__kneaddata_paired_Abundance.RPKs	0.000294966505023974	5.41110219539066e-05	3.66847311251961e-05	0.000118741133045567	0.000324905579052472	0.000568215557503236	3.49640544783541e-05	0.000620848499834489	0.000602653736391259	5.66456523016627e-05	0.000199484180371041	6.02779745500106e-05	0.000373643566166993	5.23445698903875e-05	0.000275844303063879	0.00309743396588502	2.7153503109727e-05	0.000182223990827986	0.0006007871029497	0.000299520447523622	2.9489955122736e-05	0.000153755715120761	0.000665645537103356	6.14638941080457e-05	0.000102141518809145	0.000238933361898788
merged_BioGeo.Vil1.13B.FP154.REP1_S47__kneaddata_paired_Abundance.RPKs	0.000294982684787006	5.41886558376763e-05	3.68578735210626e-05	0.000118616083887658	0.000324605841807038	0.000590885761529578	3.49578282630304e-05	0.000619841578734969	0.000598032022473283	5.6657182390308e-05	0.000218286190292025	6.27673261301948e-05	0.000367875294191226	5.24022794035313e-05	0.000279569725173104	0.00326779016038037	2.68776515707118e-05	0.000179578035969923	0.000599905514897957	0.00029991255797043	2.93409490978375e-05	0.000153670791605723	0.000666406130508671	6.21015095455401e-05	0.000101620966657551	0.000246161126911466
merged_BioGeo.Vil1.14B.FP164_merged__kneaddata_paired_Abundance.RPKs	0.000294805709704839	5.33424021272037e-05	3.49859359382255e-05	0.000119987645740223	0.000327892347797322	0.000599059066467509	3.49502016626937e-05	0.000630901235327016	0.000599444455522402	5.66713087963412e-05	0.000242472964977046	5.64766787760305e-05	0.000362082591486708	5.17726922409847e-05	0.000263218650175116	0.00321517568004384	2.65416420623806e-05	0.000209575407764621	0.000603438459748895	0.000299743785645385	2.91589252592536e-05	0.00015460109119354	0.000677729071031553	6.05903213460483e-05	0.000107387861606281	0.000255162162096151
merged_BioGeo.Vil1.14B.FP166_merged__kneaddata_paired_Abundance.RPKs	0.000294588995036696	5.23148523747934e-05	3.27593673991459e-05	0.000121678493982776	0.000331940729860356	0.000594067766605182	3.49452370571136e-05	0.000644582034564753	0.000606804484447472	5.66805062846429e-05	0.000258901620187287	4.81518262050867e-05	0.000358838290260056	5.10066594423874e-05	0.000242550819524991	0.00294884744034389	2.63240297130644e-05	0.00024947596547539	0.000607670623099148	0.000299308160697016	2.90407288689837e-05	0.000155744494200564	0.000690619632281945	5.8452195422825e-05	0.000114668918432259	0.00026110883337513
