Eigvals	12
12.495798879789735	12.193107190949027	0.37371834840237067	0.0	0.0	0.0	0.0	0.0	0.0	0.0	0.0	0.0

Proportion explained	12
0.4985830163199626	0.48650560240757385	0.014911381272463628	0.0	0.0	0.0	0.0	0.0	0.0	0.0	0.0	0.0

Species	0	0

Site	12	12
TL1a_FP_102	0.9787297729850668	-1.864961359400217	0.19780465918639828	0.0	0.0	0.0	0.0	0.0	0.0	0.0	0.0	0.0
TL1a_FP_174	1.2749760762132747	0.44826615985060025	-0.32737348192469357	0.0	0.0	0.0	-0.0	0.0	-0.0	-0.0	0.0	-0.0
TL1a_FP_144	-1.2187547730793047	0.11991700684576576	-0.2334340871107029	0.0	0.0	0.0	-0.0	-0.0	-0.0	0.0	-0.0	0.0
TL1a_FP_66	-0.7228423954386722	-1.8115285350341548	-0.030642719303380073	-0.0	0.0	-0.0	-0.0	0.0	-0.0	-0.0	-0.0	-0.0
TL1a_FP_246	0.5501974791659073	0.501208315273929	-0.2423583314850575	0.0	-0.0	-0.0	0.0	0.0	0.0	0.0	-0.0	-0.0
TL1a_FP_78	-1.6712760009571885	0.33528755819172396	-0.018823178649606996	0.0	-0.0	-0.0	0.0	-0.0	-0.0	-0.0	0.0	-0.0
TL1a_FP_210	1.464948057523617	1.4680084661952237	0.21371754376206034	0.0	-0.0	0.0	-0.0	-0.0	-0.0	0.0	-0.0	-0.0
TL1a_DTT_78	0.19728697173192397	0.7309740895598428	0.11334797249551765	0.0	0.0	0.0	0.0	-0.0	0.0	-0.0	-0.0	0.0
TL1a_DTT_210	-1.4618935418877603	0.728092159340408	0.20397771116364358	0.0	0.0	0.0	-0.0	0.0	0.0	0.0	0.0	-0.0
TL1a_DTT_246	0.40487274784032495	-0.7937093078775577	-0.01996903661654673	-0.0	0.0	0.0	0.0	-0.0	-0.0	0.0	0.0	-0.0
TL1a_DTT_66	-0.28656141343924485	0.7746985628853003	0.10377373759279976	0.0	0.0	-0.0	-0.0	0.0	-0.0	0.0	-0.0	0.0
TL1A_DTT_642	0.4903170193420586	-0.6362531158308674	0.03997921088957336	-0.0	-0.0	-0.0	-0.0	-0.0	0.0	-0.0	0.0	-0.0

Biplot	0	0

Site constraints	0	0
