Eigvals	60
60.64753339849182	60.17770983130031	2.1515296518914715	0.0	0.0	0.0	0.0	0.0	0.0	0.0	0.0	0.0	0.0	0.0	0.0	0.0	0.0	0.0	0.0	0.0	0.0	0.0	0.0	0.0	0.0	0.0	0.0	0.0	0.0	0.0	0.0	0.0	0.0	0.0	0.0	0.0	0.0	0.0	0.0	0.0	0.0	0.0	0.0	0.0	0.0	0.0	0.0	0.0	0.0	0.0	0.0	0.0	0.0	0.0	0.0	0.0	0.0	0.0	0.0	0.0

Proportion explained	60
0.49316250522235633	0.48934207998121326	0.01749541479643043	0.0	0.0	0.0	0.0	0.0	0.0	0.0	0.0	0.0	0.0	0.0	0.0	0.0	0.0	0.0	0.0	0.0	0.0	0.0	0.0	0.0	0.0	0.0	0.0	0.0	0.0	0.0	0.0	0.0	0.0	0.0	0.0	0.0	0.0	0.0	0.0	0.0	0.0	0.0	0.0	0.0	0.0	0.0	0.0	0.0	0.0	0.0	0.0	0.0	0.0	0.0	0.0	0.0	0.0	0.0	0.0	0.0

Species	0	0

Site	60	60
Mouse5A.FP28	-1.6131584243884647	0.44281278618681624	0.18551592474531667	0.0	0.0	0.0	0.0	0.0	0.0	0.0	0.0	0.0	0.0	0.0	0.0	0.0	0.0	0.0	0.0	0.0	0.0	0.0	0.0	0.0	0.0	0.0	0.0	0.0	0.0	0.0	0.0	0.0	0.0	0.0	-0.0	0.0	0.0	0.0	0.0	0.0	0.0	0.0	0.0	0.0	0.0	0.0	0.0	0.0	0.0	0.0	0.0	0.0	0.0	0.0	0.0	0.0	0.0	0.0	0.0	0.0
Mouse3A.FP16	-0.9776804282042156	0.14373356371263551	-0.13680275755256344	-0.0	0.0	0.0	-0.0	-0.0	0.0	-0.0	0.0	0.0	-0.0	-0.0	-0.0	-0.0	0.0	0.0	-0.0	0.0	-0.0	0.0	-0.0	0.0	0.0	-0.0	0.0	0.0	-0.0	0.0	-0.0	-0.0	0.0	0.0	0.0	-0.0	-0.0	-0.0	-0.0	0.0	0.0	-0.0	0.0	-0.0	-0.0	0.0	0.0	-0.0	-0.0	0.0	0.0	0.0	0.0	0.0	0.0	-0.0	-0.0	0.0	0.0	0.0
Mouse5A.FP26	-0.023673812643818855	1.153903820807836	-0.11503647743601636	0.0	0.0	0.0	-0.0	-0.0	0.0	-0.0	0.0	0.0	-0.0	0.0	0.0	-0.0	0.0	0.0	0.0	-0.0	0.0	-0.0	-0.0	-0.0	-0.0	-0.0	-0.0	0.0	-0.0	0.0	-0.0	0.0	-0.0	0.0	0.0	0.0	-0.0	-0.0	0.0	-0.0	0.0	-0.0	-0.0	0.0	-0.0	0.0	0.0	0.0	-0.0	0.0	-0.0	-0.0	-0.0	0.0	-0.0	0.0	-0.0	-0.0	0.0	0.0
Mouse7A.FP40	-0.41393399018297394	0.08145581699793072	-0.3066279030415049	0.0	0.0	-0.0	0.0	0.0	-0.0	0.0	-0.0	-0.0	-0.0	0.0	0.0	-0.0	0.0	-0.0	0.0	0.0	0.0	-0.0	0.0	0.0	0.0	-0.0	0.0	-0.0	0.0	-0.0	-0.0	-0.0	-0.0	0.0	-0.0	-0.0	-0.0	0.0	0.0	-0.0	0.0	-0.0	0.0	-0.0	-0.0	-0.0	0.0	0.0	-0.0	-0.0	0.0	0.0	-0.0	-0.0	-0.0	0.0	-0.0	-0.0	-0.0	-0.0
Mouse1A.FP05	-0.8733896279151673	-0.24234610434450982	-0.015091636670271753	-0.0	-0.0	-0.0	0.0	-0.0	-0.0	-0.0	0.0	0.0	0.0	-0.0	0.0	-0.0	0.0	-0.0	0.0	-0.0	-0.0	-0.0	0.0	-0.0	-0.0	0.0	-0.0	-0.0	0.0	-0.0	0.0	0.0	0.0	-0.0	0.0	-0.0	-0.0	-0.0	-0.0	0.0	0.0	-0.0	0.0	0.0	0.0	0.0	-0.0	0.0	-0.0	0.0	-0.0	-0.0	-0.0	-0.0	0.0	-0.0	-0.0	0.0	-0.0	0.0
Mouse6A.FP32	0.46791806200933367	1.1323635530384624	-0.054004646324593134	0.0	0.0	0.0	0.0	0.0	-0.0	0.0	-0.0	-0.0	-0.0	-0.0	0.0	0.0	0.0	-0.0	-0.0	0.0	-0.0	0.0	-0.0	0.0	0.0	0.0	0.0	0.0	0.0	-0.0	0.0	0.0	-0.0	0.0	-0.0	0.0	-0.0	-0.0	0.0	-0.0	0.0	0.0	-0.0	-0.0	0.0	-0.0	-0.0	0.0	0.0	0.0	-0.0	-0.0	0.0	-0.0	0.0	0.0	0.0	-0.0	0.0	0.0
Mouse3A.FP17	-0.417282549361526	-0.2029992430193421	0.07775812459024946	0.0	0.0	-0.0	-0.0	-0.0	0.0	0.0	-0.0	-0.0	-0.0	0.0	-0.0	-0.0	0.0	0.0	0.0	-0.0	0.0	0.0	0.0	-0.0	-0.0	-0.0	0.0	-0.0	-0.0	-0.0	-0.0	0.0	0.0	0.0	0.0	0.0	0.0	-0.0	-0.0	-0.0	0.0	0.0	-0.0	-0.0	0.0	0.0	-0.0	0.0	0.0	-0.0	0.0	0.0	-0.0	-0.0	-0.0	-0.0	-0.0	-0.0	-0.0	-0.0
Mouse7A.FP38	0.3608425118155499	1.0346559543231466	-0.14796538795754113	0.0	-0.0	-0.0	-0.0	-0.0	0.0	0.0	0.0	0.0	0.0	-0.0	0.0	0.0	-0.0	0.0	-0.0	-0.0	-0.0	-0.0	0.0	0.0	-0.0	0.0	0.0	0.0	-0.0	-0.0	0.0	0.0	0.0	0.0	-0.0	0.0	0.0	-0.0	0.0	-0.0	0.0	0.0	-0.0	0.0	-0.0	0.0	0.0	-0.0	-0.0	0.0	-0.0	0.0	-0.0	-0.0	-0.0	0.0	-0.0	-0.0	-0.0	0.0
Mouse1A.FP02	0.9048503161450352	0.8119042270245638	0.025355579756944052	-0.0	0.0	0.0	0.0	-0.0	-0.0	-0.0	-0.0	-0.0	-0.0	0.0	0.0	-0.0	-0.0	-0.0	0.0	0.0	-0.0	-0.0	0.0	0.0	-0.0	-0.0	0.0	-0.0	-0.0	0.0	-0.0	0.0	0.0	0.0	-0.0	-0.0	0.0	0.0	-0.0	0.0	0.0	0.0	0.0	-0.0	0.0	0.0	-0.0	-0.0	-0.0	0.0	0.0	-0.0	0.0	-0.0	0.0	0.0	0.0	0.0	0.0	0.0
Mouse2A.FP11	-1.46655288779698	-0.29420819896738853	0.004522613707033991	-0.0	-0.0	0.0	-0.0	0.0	-0.0	0.0	0.0	-0.0	-0.0	0.0	-0.0	-0.0	-0.0	-0.0	-0.0	0.0	-0.0	0.0	0.0	-0.0	-0.0	0.0	-0.0	0.0	-0.0	-0.0	-0.0	-0.0	-0.0	-0.0	0.0	-0.0	-0.0	-0.0	0.0	-0.0	-0.0	0.0	0.0	-0.0	0.0	-0.0	0.0	0.0	0.0	-0.0	0.0	0.0	0.0	-0.0	-0.0	0.0	-0.0	-0.0	0.0	0.0
Mouse3A.FP18	-0.3353919761560909	0.15927124754925584	0.114032202953675	0.0	0.0	-0.0	-0.0	0.0	-0.0	0.0	-0.0	0.0	0.0	-0.0	0.0	0.0	-0.0	0.0	0.0	-0.0	0.0	0.0	0.0	-0.0	-0.0	0.0	-0.0	-0.0	-0.0	0.0	0.0	-0.0	-0.0	-0.0	0.0	-0.0	-0.0	0.0	0.0	-0.0	0.0	-0.0	-0.0	0.0	0.0	0.0	-0.0	-0.0	-0.0	-0.0	-0.0	0.0	-0.0	-0.0	0.0	0.0	-0.0	-0.0	0.0	0.0
Mouse6A.FP31	0.5396779024855696	1.0421216192861658	-0.1049908157372921	0.0	-0.0	-0.0	-0.0	0.0	0.0	0.0	-0.0	-0.0	0.0	-0.0	-0.0	-0.0	0.0	0.0	-0.0	0.0	-0.0	0.0	-0.0	0.0	-0.0	0.0	-0.0	0.0	0.0	-0.0	-0.0	0.0	0.0	-0.0	0.0	-0.0	-0.0	0.0	0.0	0.0	0.0	-0.0	0.0	-0.0	0.0	0.0	0.0	-0.0	-0.0	-0.0	-0.0	-0.0	-0.0	-0.0	-0.0	-0.0	-0.0	0.0	0.0	-0.0
Mouse4A.FP22	-0.9843054211117627	0.9531189498271224	0.4645295334752379	-0.0	-0.0	0.0	-0.0	0.0	-0.0	0.0	-0.0	0.0	-0.0	-0.0	0.0	-0.0	-0.0	-0.0	-0.0	-0.0	0.0	0.0	0.0	0.0	0.0	-0.0	-0.0	0.0	-0.0	-0.0	0.0	0.0	0.0	-0.0	0.0	-0.0	0.0	-0.0	0.0	0.0	0.0	-0.0	0.0	0.0	0.0	0.0	0.0	0.0	-0.0	0.0	0.0	-0.0	-0.0	0.0	-0.0	0.0	0.0	0.0	0.0	-0.0
Mouse1A.FP03	0.22618142336833136	0.383056857962424	0.28509676373967685	-0.0	-0.0	-0.0	0.0	0.0	-0.0	0.0	0.0	0.0	-0.0	-0.0	-0.0	-0.0	-0.0	-0.0	-0.0	-0.0	0.0	0.0	-0.0	0.0	-0.0	0.0	0.0	-0.0	0.0	-0.0	-0.0	-0.0	-0.0	0.0	0.0	-0.0	0.0	-0.0	-0.0	-0.0	0.0	0.0	-0.0	0.0	-0.0	-0.0	0.0	-0.0	-0.0	0.0	-0.0	-0.0	0.0	0.0	0.0	-0.0	-0.0	0.0	0.0	-0.0
Mouse4A.FP23	-1.1711593230088115	0.5801048246886217	0.46546324916665854	0.0	0.0	0.0	-0.0	0.0	0.0	-0.0	0.0	0.0	-0.0	0.0	-0.0	-0.0	-0.0	-0.0	-0.0	0.0	0.0	-0.0	-0.0	-0.0	-0.0	0.0	0.0	-0.0	0.0	-0.0	-0.0	-0.0	0.0	-0.0	-0.0	0.0	0.0	-0.0	-0.0	0.0	0.0	-0.0	0.0	-0.0	-0.0	0.0	-0.0	-0.0	-0.0	0.0	0.0	0.0	-0.0	-0.0	-0.0	0.0	0.0	0.0	-0.0	0.0
Mouse1A.FP01	0.9945679162252211	0.8641615688303219	0.287184588945856	0.0	0.0	-0.0	-0.0	0.0	-0.0	-0.0	0.0	-0.0	0.0	0.0	-0.0	-0.0	0.0	0.0	-0.0	-0.0	-0.0	-0.0	-0.0	0.0	-0.0	-0.0	-0.0	-0.0	-0.0	-0.0	0.0	0.0	-0.0	-0.0	0.0	-0.0	-0.0	0.0	0.0	0.0	0.0	0.0	-0.0	-0.0	-0.0	-0.0	-0.0	0.0	0.0	-0.0	0.0	-0.0	0.0	0.0	0.0	0.0	0.0	-0.0	-0.0	0.0
Mouse6A.FP35	-0.8672845013602116	-0.40885341829558236	-0.13344109039356347	-0.0	-0.0	0.0	0.0	0.0	0.0	-0.0	-0.0	0.0	0.0	-0.0	-0.0	-0.0	-0.0	0.0	-0.0	-0.0	-0.0	-0.0	-0.0	-0.0	-0.0	-0.0	0.0	-0.0	0.0	-0.0	-0.0	0.0	0.0	-0.0	0.0	0.0	0.0	-0.0	-0.0	-0.0	0.0	0.0	0.0	0.0	-0.0	0.0	-0.0	-0.0	0.0	-0.0	-0.0	0.0	-0.0	0.0	-0.0	0.0	-0.0	-0.0	0.0	0.0
Mouse2A.FP07	0.5137816075793246	0.6119963987459607	-0.2210395016957337	-0.0	0.0	-0.0	-0.0	0.0	0.0	0.0	-0.0	-0.0	0.0	0.0	-0.0	0.0	0.0	-0.0	-0.0	-0.0	0.0	-0.0	0.0	-0.0	0.0	0.0	-0.0	0.0	0.0	0.0	-0.0	-0.0	0.0	0.0	-0.0	0.0	0.0	-0.0	-0.0	-0.0	-0.0	0.0	0.0	0.0	0.0	0.0	0.0	-0.0	-0.0	-0.0	0.0	-0.0	-0.0	0.0	-0.0	-0.0	0.0	0.0	-0.0	0.0
Mouse3A.FP13	0.436932094940217	0.76224925188799	-0.15615946028637506	0.0	-0.0	-0.0	0.0	0.0	-0.0	0.0	-0.0	0.0	0.0	0.0	-0.0	0.0	-0.0	0.0	-0.0	0.0	0.0	-0.0	-0.0	-0.0	-0.0	-0.0	-0.0	0.0	-0.0	-0.0	-0.0	0.0	-0.0	-0.0	0.0	-0.0	-0.0	-0.0	-0.0	0.0	0.0	0.0	0.0	-0.0	0.0	0.0	0.0	-0.0	0.0	-0.0	-0.0	-0.0	-0.0	-0.0	0.0	0.0	0.0	0.0	-0.0	0.0
Mouse1A.FP06	-1.2413284986078705	0.19716193768624637	0.11563953485392835	0.0	-0.0	0.0	0.0	-0.0	0.0	0.0	-0.0	-0.0	0.0	-0.0	0.0	0.0	0.0	-0.0	-0.0	0.0	0.0	-0.0	-0.0	-0.0	-0.0	0.0	0.0	0.0	-0.0	-0.0	-0.0	-0.0	-0.0	0.0	0.0	-0.0	0.0	0.0	-0.0	0.0	0.0	-0.0	0.0	-0.0	0.0	0.0	-0.0	-0.0	-0.0	0.0	-0.0	0.0	-0.0	0.0	0.0	0.0	-0.0	0.0	-0.0	0.0
Mouse1A.FP04	-1.0882913027054868	-0.10830903274642587	0.027535409890009653	-0.0	-0.0	0.0	0.0	-0.0	0.0	0.0	-0.0	0.0	-0.0	-0.0	-0.0	-0.0	0.0	-0.0	0.0	0.0	-0.0	0.0	0.0	-0.0	0.0	0.0	-0.0	-0.0	0.0	-0.0	0.0	0.0	0.0	0.0	0.0	-0.0	-0.0	0.0	-0.0	-0.0	0.0	-0.0	-0.0	0.0	-0.0	-0.0	0.0	-0.0	0.0	-0.0	-0.0	-0.0	0.0	0.0	0.0	-0.0	0.0	-0.0	-0.0	0.0
Mouse2A.FP12	-1.204683446038095	-0.34072816605453726	-0.00967428139009568	0.0	0.0	-0.0	0.0	-0.0	-0.0	-0.0	0.0	-0.0	0.0	-0.0	0.0	-0.0	0.0	0.0	-0.0	-0.0	0.0	-0.0	-0.0	-0.0	0.0	0.0	0.0	0.0	0.0	0.0	0.0	0.0	-0.0	-0.0	0.0	-0.0	0.0	0.0	0.0	0.0	0.0	0.0	-0.0	0.0	0.0	-0.0	0.0	0.0	-0.0	-0.0	0.0	-0.0	0.0	-0.0	-0.0	0.0	0.0	-0.0	0.0	-0.0
Mouse2A.FP10	-1.2840535746261215	-0.22232020950483553	0.016558926758366514	0.0	0.0	0.0	0.0	0.0	-0.0	-0.0	0.0	0.0	-0.0	0.0	-0.0	0.0	-0.0	-0.0	-0.0	-0.0	-0.0	-0.0	-0.0	0.0	-0.0	-0.0	-0.0	0.0	0.0	-0.0	0.0	-0.0	0.0	0.0	0.0	0.0	0.0	0.0	0.0	-0.0	0.0	-0.0	-0.0	-0.0	0.0	-0.0	0.0	0.0	-0.0	-0.0	-0.0	0.0	-0.0	0.0	0.0	-0.0	-0.0	0.0	0.0	0.0
Mouse7A.FP42	-1.288626832709957	-0.21416421107566602	0.027084299697934525	0.0	-0.0	-0.0	-0.0	0.0	0.0	-0.0	0.0	-0.0	0.0	0.0	0.0	-0.0	0.0	-0.0	0.0	-0.0	-0.0	0.0	-0.0	-0.0	0.0	0.0	-0.0	-0.0	0.0	-0.0	-0.0	-0.0	-0.0	0.0	0.0	-0.0	0.0	-0.0	-0.0	-0.0	-0.0	-0.0	-0.0	-0.0	-0.0	0.0	-0.0	0.0	-0.0	0.0	0.0	-0.0	-0.0	0.0	-0.0	0.0	0.0	-0.0	0.0	-0.0
Mouse7A.FP41	-1.331523954504438	0.07472112966915873	-0.02403254297435783	-0.0	-0.0	0.0	-0.0	0.0	0.0	-0.0	0.0	-0.0	-0.0	0.0	0.0	0.0	-0.0	0.0	0.0	-0.0	0.0	0.0	0.0	0.0	-0.0	-0.0	-0.0	0.0	0.0	-0.0	0.0	0.0	-0.0	-0.0	0.0	0.0	-0.0	-0.0	0.0	0.0	0.0	0.0	-0.0	0.0	0.0	0.0	-0.0	-0.0	0.0	0.0	0.0	0.0	0.0	-0.0	0.0	-0.0	0.0	0.0	0.0	-0.0
Mouse3A.FP15	0.44734362553856777	0.6961476152975784	-0.1544565193543533	0.0	-0.0	-0.0	0.0	-0.0	0.0	-0.0	-0.0	0.0	-0.0	-0.0	-0.0	0.0	-0.0	-0.0	-0.0	0.0	0.0	-0.0	-0.0	-0.0	0.0	0.0	-0.0	-0.0	-0.0	-0.0	-0.0	0.0	-0.0	-0.0	-0.0	-0.0	0.0	0.0	0.0	-0.0	0.0	0.0	-0.0	-0.0	0.0	0.0	0.0	-0.0	0.0	0.0	0.0	0.0	0.0	0.0	-0.0	-0.0	0.0	0.0	0.0	0.0
Mouse4A.FP20	0.6752644677103262	1.2675681529961367	0.05436663940989719	-0.0	0.0	-0.0	0.0	-0.0	-0.0	0.0	-0.0	-0.0	-0.0	-0.0	0.0	-0.0	0.0	0.0	-0.0	-0.0	0.0	0.0	-0.0	-0.0	-0.0	-0.0	-0.0	-0.0	0.0	0.0	-0.0	0.0	0.0	0.0	0.0	-0.0	0.0	-0.0	0.0	0.0	-0.0	0.0	-0.0	-0.0	-0.0	-0.0	-0.0	-0.0	-0.0	0.0	0.0	0.0	-0.0	-0.0	0.0	-0.0	-0.0	0.0	0.0	0.0
Mouse5A.FP29	-0.18007323641148182	1.1424520799887925	-0.1769916782926548	0.0	0.0	0.0	0.0	-0.0	0.0	0.0	0.0	0.0	-0.0	-0.0	-0.0	-0.0	0.0	-0.0	-0.0	-0.0	0.0	0.0	0.0	0.0	-0.0	-0.0	0.0	-0.0	0.0	-0.0	0.0	0.0	-0.0	-0.0	-0.0	-0.0	0.0	0.0	0.0	0.0	-0.0	-0.0	0.0	-0.0	-0.0	0.0	-0.0	-0.0	-0.0	-0.0	0.0	-0.0	0.0	0.0	0.0	-0.0	-0.0	-0.0	0.0	0.0
Mouse6A.FP34	-1.0915003975996496	-0.3020164171088246	0.11002909393948682	-0.0	0.0	0.0	0.0	-0.0	-0.0	0.0	-0.0	-0.0	0.0	0.0	0.0	-0.0	0.0	-0.0	0.0	0.0	0.0	-0.0	0.0	0.0	0.0	-0.0	-0.0	0.0	0.0	-0.0	0.0	0.0	0.0	0.0	-0.0	-0.0	-0.0	-0.0	0.0	-0.0	-0.0	0.0	0.0	0.0	0.0	0.0	0.0	0.0	0.0	0.0	0.0	-0.0	0.0	-0.0	0.0	0.0	-0.0	0.0	-0.0	0.0
Mouse6A.FP36	-1.3267476268906202	-0.2192974980475025	0.20479292520478348	0.0	0.0	0.0	0.0	0.0	-0.0	-0.0	-0.0	-0.0	0.0	-0.0	-0.0	0.0	0.0	-0.0	0.0	-0.0	-0.0	0.0	0.0	-0.0	-0.0	-0.0	0.0	0.0	-0.0	-0.0	0.0	-0.0	-0.0	0.0	0.0	0.0	0.0	-0.0	0.0	0.0	0.0	0.0	0.0	-0.0	-0.0	-0.0	0.0	-0.0	0.0	0.0	-0.0	-0.0	-0.0	-0.0	0.0	-0.0	-0.0	-0.0	-0.0	0.0
Mouse2A.FP09	0.9192311995467207	0.44447511449341504	0.06985419753266049	0.0	-0.0	-0.0	0.0	0.0	0.0	0.0	-0.0	0.0	-0.0	0.0	0.0	0.0	0.0	-0.0	-0.0	-0.0	-0.0	-0.0	0.0	-0.0	0.0	-0.0	-0.0	-0.0	0.0	-0.0	0.0	-0.0	0.0	0.0	-0.0	0.0	0.0	-0.0	-0.0	0.0	0.0	-0.0	0.0	0.0	-0.0	0.0	-0.0	0.0	0.0	0.0	-0.0	0.0	0.0	-0.0	-0.0	-0.0	-0.0	0.0	0.0	0.0
Mouse5A.FP25	-0.43448750271208686	0.6088916237777093	-0.16020062551746045	-0.0	-0.0	-0.0	-0.0	-0.0	-0.0	0.0	0.0	0.0	-0.0	0.0	-0.0	-0.0	0.0	-0.0	-0.0	-0.0	0.0	0.0	0.0	0.0	-0.0	0.0	-0.0	-0.0	0.0	-0.0	-0.0	-0.0	-0.0	-0.0	-0.0	0.0	0.0	0.0	0.0	-0.0	-0.0	0.0	0.0	-0.0	-0.0	-0.0	0.0	-0.0	0.0	0.0	-0.0	0.0	-0.0	0.0	0.0	-0.0	0.0	-0.0	-0.0	0.0
Mouse5A.FP30	-1.3613858730014987	-0.3231557545849113	-0.04964565967273754	0.0	-0.0	-0.0	0.0	0.0	0.0	-0.0	0.0	0.0	0.0	0.0	-0.0	0.0	-0.0	0.0	-0.0	-0.0	0.0	0.0	0.0	0.0	0.0	0.0	0.0	0.0	-0.0	0.0	0.0	0.0	0.0	-0.0	0.0	-0.0	0.0	0.0	-0.0	0.0	0.0	0.0	-0.0	-0.0	0.0	-0.0	-0.0	0.0	0.0	0.0	-0.0	-0.0	0.0	-0.0	0.0	-0.0	-0.0	-0.0	0.0	-0.0
Mouse7A.FP39	0.5725393494487463	1.0646598148734778	-0.03022200778768176	0.0	-0.0	-0.0	-0.0	0.0	-0.0	-0.0	0.0	0.0	0.0	-0.0	-0.0	-0.0	0.0	0.0	0.0	-0.0	0.0	-0.0	0.0	-0.0	0.0	0.0	0.0	-0.0	0.0	-0.0	0.0	0.0	-0.0	0.0	0.0	0.0	0.0	-0.0	0.0	0.0	-0.0	0.0	0.0	0.0	0.0	0.0	-0.0	-0.0	0.0	-0.0	-0.0	0.0	0.0	-0.0	-0.0	-0.0	-0.0	-0.0	0.0	0.0
Mouse4A.FP24	-1.1277613269644464	0.6599164196020763	0.2226157220140455	-0.0	-0.0	-0.0	0.0	-0.0	0.0	0.0	-0.0	0.0	-0.0	0.0	-0.0	0.0	0.0	-0.0	0.0	0.0	-0.0	0.0	-0.0	-0.0	0.0	0.0	0.0	0.0	-0.0	-0.0	0.0	-0.0	-0.0	-0.0	-0.0	-0.0	0.0	0.0	-0.0	-0.0	-0.0	0.0	-0.0	0.0	0.0	-0.0	-0.0	-0.0	-0.0	-0.0	0.0	-0.0	0.0	-0.0	-0.0	-0.0	-0.0	-0.0	0.0	0.0
Mouse3A.FP14	0.3743096170340243	0.768972458639536	-0.17016953474245833	-0.0	-0.0	0.0	0.0	0.0	-0.0	-0.0	0.0	0.0	0.0	0.0	-0.0	0.0	0.0	0.0	0.0	0.0	0.0	0.0	0.0	-0.0	0.0	-0.0	0.0	-0.0	0.0	-0.0	-0.0	-0.0	0.0	-0.0	-0.0	0.0	0.0	-0.0	-0.0	0.0	-0.0	-0.0	-0.0	0.0	-0.0	-0.0	-0.0	0.0	0.0	0.0	0.0	0.0	0.0	-0.0	-0.0	0.0	-0.0	0.0	-0.0	0.0
Mouse4A.FP21	0.7590813817489173	1.2935953825881723	0.1446419654754585	0.0	-0.0	0.0	-0.0	-0.0	-0.0	0.0	-0.0	-0.0	0.0	0.0	-0.0	0.0	-0.0	0.0	0.0	0.0	0.0	0.0	0.0	0.0	0.0	-0.0	-0.0	-0.0	-0.0	-0.0	-0.0	0.0	-0.0	-0.0	0.0	-0.0	-0.0	0.0	-0.0	0.0	-0.0	-0.0	0.0	0.0	-0.0	-0.0	0.0	-0.0	-0.0	-0.0	-0.0	0.0	-0.0	-0.0	0.0	-0.0	0.0	-0.0	0.0	0.0
Mouse2A.FP08	0.7435093743505122	0.6762693559912158	-0.10076831752471489	-0.0	-0.0	0.0	0.0	-0.0	-0.0	0.0	-0.0	-0.0	-0.0	-0.0	-0.0	-0.0	-0.0	0.0	0.0	-0.0	0.0	-0.0	-0.0	0.0	0.0	0.0	-0.0	0.0	0.0	-0.0	-0.0	-0.0	0.0	-0.0	0.0	-0.0	0.0	-0.0	0.0	-0.0	-0.0	0.0	-0.0	0.0	0.0	-0.0	0.0	0.0	0.0	0.0	0.0	-0.0	0.0	-0.0	0.0	0.0	-0.0	0.0	0.0	0.0
Mouse7A.FP37	-0.12487222203851062	0.6124641653054304	-0.2741654924914977	-0.0	0.0	-0.0	-0.0	-0.0	0.0	0.0	-0.0	-0.0	0.0	-0.0	0.0	-0.0	-0.0	-0.0	0.0	-0.0	0.0	0.0	-0.0	-0.0	-0.0	0.0	-0.0	-0.0	0.0	0.0	0.0	-0.0	-0.0	-0.0	-0.0	0.0	0.0	-0.0	-0.0	0.0	0.0	-0.0	0.0	-0.0	-0.0	-0.0	-0.0	-0.0	-0.0	-0.0	-0.0	-0.0	0.0	0.0	0.0	-0.0	0.0	0.0	-0.0	0.0
Mouse6A.FP33	0.577015338237586	1.1142551074362514	0.019660940640302688	0.0	-0.0	0.0	-0.0	-0.0	-0.0	-0.0	-0.0	-0.0	0.0	0.0	0.0	0.0	0.0	-0.0	-0.0	-0.0	0.0	0.0	-0.0	0.0	-0.0	-0.0	0.0	-0.0	0.0	-0.0	0.0	-0.0	-0.0	0.0	-0.0	-0.0	-0.0	0.0	0.0	0.0	0.0	-0.0	0.0	0.0	0.0	0.0	-0.0	-0.0	-0.0	0.0	0.0	-0.0	0.0	0.0	0.0	0.0	-0.0	-0.0	-0.0	0.0
Mouse4A.FP19	0.840456161421272	1.0408856053370723	0.06866892028369409	0.0	-0.0	0.0	0.0	0.0	0.0	-0.0	0.0	-0.0	-0.0	-0.0	0.0	0.0	0.0	0.0	0.0	0.0	0.0	0.0	-0.0	-0.0	0.0	0.0	-0.0	-0.0	0.0	-0.0	0.0	-0.0	0.0	-0.0	0.0	-0.0	0.0	-0.0	-0.0	-0.0	-0.0	0.0	0.0	-0.0	0.0	0.0	0.0	0.0	-0.0	-0.0	-0.0	0.0	-0.0	0.0	0.0	0.0	0.0	-0.0	-0.0	-0.0
Mouse5A.FP27	-1.1687443275205747	0.4567352005640346	0.24328068838529426	-0.0	-0.0	0.0	-0.0	-0.0	0.0	-0.0	-0.0	-0.0	-0.0	0.0	0.0	0.0	-0.0	0.0	-0.0	-0.0	-0.0	0.0	0.0	-0.0	0.0	0.0	0.0	0.0	0.0	-0.0	0.0	0.0	-0.0	0.0	0.0	-0.0	0.0	-0.0	-0.0	0.0	-0.0	-0.0	-0.0	-0.0	0.0	-0.0	-0.0	-0.0	0.0	-0.0	-0.0	-0.0	-0.0	0.0	0.0	0.0	-0.0	0.0	-0.0	0.0
Mouse10A.FP110	0.4432899641431185	0.26319148006149196	-0.25057948329934904	0.0	0.0	0.0	-0.0	0.0	-0.0	0.0	0.0	-0.0	0.0	-0.0	-0.0	0.0	0.0	-0.0	0.0	0.0	0.0	0.0	0.0	-0.0	-0.0	0.0	-0.0	-0.0	0.0	-0.0	0.0	0.0	0.0	0.0	-0.0	-0.0	-0.0	-0.0	-0.0	0.0	0.0	0.0	-0.0	0.0	-0.0	-0.0	-0.0	0.0	0.0	0.0	0.0	-0.0	-0.0	0.0	-0.0	-0.0	-0.0	0.0	0.0	0.0
Mouse10A.FP109	0.5466215692024943	0.20564907809291327	-0.34835760741003935	-0.0	0.0	0.0	-0.0	0.0	0.0	0.0	0.0	0.0	0.0	0.0	-0.0	-0.0	0.0	0.0	-0.0	-0.0	0.0	0.0	-0.0	-0.0	-0.0	-0.0	-0.0	-0.0	-0.0	-0.0	0.0	0.0	-0.0	0.0	-0.0	0.0	0.0	-0.0	-0.0	-0.0	0.0	-0.0	0.0	0.0	-0.0	-0.0	0.0	0.0	-0.0	0.0	-0.0	0.0	0.0	-0.0	-0.0	0.0	0.0	0.0	0.0	-0.0
Mouse10A.FP111	0.7327456817552505	0.549144607570439	-0.2282397740245754	-0.0	-0.0	0.0	-0.0	0.0	0.0	-0.0	-0.0	-0.0	-0.0	0.0	-0.0	-0.0	-0.0	0.0	-0.0	0.0	0.0	0.0	0.0	-0.0	0.0	-0.0	-0.0	0.0	-0.0	-0.0	0.0	0.0	-0.0	0.0	0.0	0.0	-0.0	0.0	-0.0	-0.0	0.0	0.0	0.0	0.0	0.0	0.0	-0.0	0.0	-0.0	0.0	0.0	-0.0	-0.0	-0.0	0.0	-0.0	0.0	-0.0	-0.0	-0.0
Mouse9A.FP97	1.8270712069377975	-1.0654662410979814	0.0420201661278031	0.0	0.0	-0.0	0.0	-0.0	0.0	0.0	0.0	-0.0	-0.0	-0.0	-0.0	-0.0	-0.0	0.0	0.0	0.0	0.0	-0.0	0.0	0.0	0.0	-0.0	-0.0	0.0	0.0	0.0	-0.0	0.0	-0.0	-0.0	-0.0	-0.0	0.0	-0.0	-0.0	-0.0	0.0	-0.0	0.0	-0.0	0.0	-0.0	-0.0	-0.0	0.0	0.0	0.0	0.0	-0.0	-0.0	-0.0	-0.0	-0.0	-0.0	-0.0	-0.0
Mouse9A.FP98	1.5581921273838788	-0.8044993239948126	0.022505318647802464	0.0	0.0	-0.0	0.0	-0.0	-0.0	0.0	-0.0	0.0	0.0	0.0	0.0	0.0	0.0	0.0	-0.0	-0.0	0.0	0.0	-0.0	-0.0	-0.0	-0.0	0.0	0.0	-0.0	-0.0	-0.0	-0.0	0.0	-0.0	0.0	-0.0	-0.0	-0.0	-0.0	-0.0	0.0	-0.0	0.0	0.0	0.0	-0.0	0.0	-0.0	0.0	0.0	-0.0	0.0	0.0	0.0	0.0	-0.0	0.0	0.0	-0.0	-0.0
Mouse8A.FP87	1.9053840928198345	-0.7270715541323337	0.1713895535262518	-0.0	0.0	-0.0	0.0	0.0	0.0	0.0	-0.0	0.0	0.0	0.0	-0.0	0.0	-0.0	0.0	0.0	0.0	0.0	-0.0	-0.0	-0.0	-0.0	0.0	0.0	-0.0	0.0	0.0	0.0	-0.0	-0.0	0.0	0.0	-0.0	0.0	-0.0	0.0	0.0	0.0	0.0	0.0	0.0	-0.0	0.0	0.0	0.0	-0.0	0.0	0.0	-0.0	0.0	-0.0	0.0	-0.0	0.0	-0.0	-0.0	-0.0
Mouse8A.FP85	2.0002407493602217	-0.47441238816673487	0.41658864259035533	-0.0	0.0	0.0	-0.0	-0.0	0.0	-0.0	0.0	0.0	0.0	0.0	-0.0	-0.0	0.0	-0.0	-0.0	-0.0	0.0	0.0	0.0	-0.0	0.0	0.0	-0.0	0.0	-0.0	-0.0	-0.0	-0.0	0.0	0.0	-0.0	-0.0	-0.0	-0.0	-0.0	0.0	0.0	0.0	-0.0	-0.0	-0.0	-0.0	-0.0	-0.0	-0.0	0.0	-0.0	0.0	0.0	0.0	0.0	0.0	-0.0	-0.0	0.0	-0.0
Mouse10A.FP113	-1.0993306672661427	-1.6776793274610962	-0.12077418779673156	0.0	0.0	-0.0	-0.0	-0.0	0.0	0.0	0.0	-0.0	-0.0	0.0	-0.0	0.0	-0.0	0.0	-0.0	0.0	-0.0	0.0	-0.0	-0.0	0.0	-0.0	0.0	-0.0	0.0	-0.0	-0.0	0.0	0.0	-0.0	0.0	-0.0	-0.0	0.0	0.0	0.0	-0.0	0.0	0.0	0.0	0.0	0.0	-0.0	0.0	0.0	0.0	-0.0	0.0	0.0	0.0	0.0	0.0	0.0	-0.0	0.0	0.0
Mouse9A.FP102	0.5818918802516361	-2.5966122684387365	0.16003277214936804	-0.0	-0.0	0.0	-0.0	-0.0	-0.0	-0.0	0.0	0.0	0.0	-0.0	0.0	-0.0	0.0	0.0	-0.0	0.0	0.0	0.0	-0.0	0.0	-0.0	0.0	-0.0	0.0	0.0	-0.0	0.0	0.0	-0.0	0.0	0.0	0.0	0.0	0.0	-0.0	0.0	-0.0	-0.0	0.0	-0.0	0.0	0.0	-0.0	-0.0	0.0	0.0	0.0	0.0	-0.0	-0.0	-0.0	-0.0	-0.0	-0.0	-0.0	0.0
Mouse9A.FP101	0.4536595897254696	-2.750237519372546	0.03210910237823926	0.0	0.0	-0.0	0.0	0.0	0.0	-0.0	-0.0	-0.0	0.0	-0.0	-0.0	0.0	0.0	-0.0	-0.0	-0.0	0.0	-0.0	0.0	0.0	-0.0	-0.0	0.0	-0.0	0.0	-0.0	0.0	-0.0	-0.0	-0.0	-0.0	-0.0	-0.0	-0.0	-0.0	0.0	-0.0	0.0	-0.0	0.0	0.0	0.0	0.0	0.0	-0.0	0.0	-0.0	0.0	-0.0	-0.0	-0.0	0.0	0.0	-0.0	0.0	0.0
Mouse10A.FP112	0.32052964632259306	0.49517556798203527	-0.31785234118713385	-0.0	0.0	-0.0	-0.0	-0.0	0.0	-0.0	0.0	0.0	0.0	-0.0	-0.0	0.0	-0.0	0.0	0.0	0.0	0.0	-0.0	-0.0	-0.0	-0.0	0.0	0.0	-0.0	-0.0	-0.0	0.0	-0.0	0.0	0.0	-0.0	-0.0	0.0	-0.0	-0.0	-0.0	0.0	-0.0	0.0	-0.0	0.0	0.0	0.0	0.0	0.0	-0.0	0.0	-0.0	-0.0	0.0	0.0	0.0	0.0	-0.0	0.0	-0.0
Mouse8A.FP90	-0.4792093181132774	-2.1291172223842794	-0.08660895074421676	-0.0	0.0	0.0	-0.0	-0.0	-0.0	0.0	-0.0	0.0	-0.0	-0.0	0.0	-0.0	-0.0	-0.0	-0.0	0.0	-0.0	-0.0	-0.0	-0.0	0.0	0.0	-0.0	0.0	-0.0	-0.0	-0.0	0.0	0.0	-0.0	-0.0	0.0	0.0	-0.0	0.0	0.0	0.0	-0.0	-0.0	0.0	0.0	-0.0	0.0	-0.0	-0.0	-0.0	0.0	-0.0	-0.0	-0.0	0.0	-0.0	-0.0	-0.0	-0.0	0.0
Mouse10A.FP114	-0.33762198290579387	-1.4863838555838753	-0.16631319445997392	0.0	-0.0	-0.0	-0.0	-0.0	-0.0	-0.0	-0.0	0.0	0.0	-0.0	-0.0	0.0	0.0	-0.0	-0.0	0.0	0.0	0.0	0.0	0.0	0.0	-0.0	-0.0	0.0	-0.0	-0.0	-0.0	-0.0	-0.0	0.0	-0.0	-0.0	0.0	-0.0	0.0	-0.0	-0.0	0.0	0.0	0.0	-0.0	-0.0	-0.0	0.0	-0.0	-0.0	-0.0	-0.0	0.0	-0.0	0.0	0.0	0.0	0.0	0.0	-0.0
Mouse8A.FP86	1.9904047118707793	-0.7143242510271721	0.19183651419565564	0.0	-0.0	0.0	-0.0	0.0	0.0	0.0	-0.0	-0.0	-0.0	-0.0	0.0	-0.0	0.0	-0.0	-0.0	0.0	-0.0	0.0	0.0	-0.0	0.0	-0.0	0.0	-0.0	-0.0	0.0	0.0	0.0	0.0	-0.0	-0.0	0.0	0.0	0.0	0.0	-0.0	0.0	0.0	-0.0	0.0	0.0	-0.0	0.0	-0.0	-0.0	0.0	-0.0	-0.0	0.0	0.0	0.0	0.0	-0.0	0.0	0.0	0.0
Mouse9A.FP99	2.2056994713467204	-0.9319263535184497	0.273708704741627	-0.0	-0.0	0.0	0.0	0.0	-0.0	0.0	0.0	0.0	0.0	-0.0	-0.0	-0.0	-0.0	0.0	0.0	-0.0	0.0	-0.0	-0.0	-0.0	-0.0	-0.0	-0.0	0.0	0.0	0.0	0.0	-0.0	0.0	0.0	-0.0	-0.0	-0.0	0.0	0.0	-0.0	0.0	0.0	0.0	-0.0	0.0	-0.0	-0.0	0.0	0.0	-0.0	-0.0	-0.0	-0.0	-0.0	-0.0	-0.0	0.0	0.0	-0.0	0.0
Mouse8A.FP89	0.9810725832803123	-1.354215075467462	-0.297525504808811	0.0	-0.0	-0.0	0.0	0.0	-0.0	-0.0	0.0	-0.0	-0.0	0.0	-0.0	-0.0	-0.0	-0.0	-0.0	-0.0	0.0	0.0	-0.0	0.0	0.0	0.0	0.0	0.0	-0.0	0.0	0.0	0.0	0.0	0.0	-0.0	-0.0	0.0	-0.0	0.0	-0.0	0.0	-0.0	0.0	0.0	-0.0	0.0	-0.0	-0.0	0.0	-0.0	-0.0	0.0	-0.0	0.0	0.0	-0.0	-0.0	0.0	-0.0	0.0
Mouse9A.FP100	-0.24726267246267775	-2.480318844807719	-0.1114023778440576	0.0	-0.0	-0.0	0.0	-0.0	0.0	-0.0	0.0	-0.0	-0.0	0.0	0.0	0.0	-0.0	0.0	0.0	-0.0	0.0	0.0	-0.0	0.0	0.0	-0.0	-0.0	-0.0	-0.0	0.0	0.0	-0.0	0.0	0.0	-0.0	0.0	-0.0	-0.0	0.0	0.0	0.0	0.0	0.0	0.0	0.0	-0.0	0.0	-0.0	-0.0	-0.0	0.0	-0.0	-0.0	0.0	-0.0	0.0	-0.0	-0.0	-0.0	0.0
Mouse8A.FP88	-0.33898791879661366	-1.7185798596197077	-0.07523886110526304	-0.0	-0.0	0.0	0.0	-0.0	-0.0	0.0	-0.0	-0.0	0.0	0.0	-0.0	-0.0	0.0	0.0	0.0	-0.0	0.0	-0.0	0.0	-0.0	0.0	0.0	-0.0	-0.0	-0.0	-0.0	0.0	-0.0	-0.0	-0.0	0.0	-0.0	0.0	-0.0	0.0	-0.0	0.0	0.0	-0.0	-0.0	-0.0	0.0	0.0	-0.0	0.0	0.0	-0.0	-0.0	0.0	-0.0	-0.0	-0.0	0.0	-0.0	0.0	-0.0

Biplot	0	0

Site constraints	0	0
