Eigvals	16
16.933919229928637	16.055801224827405	1.6026923268993054	0.0	0.0	0.0	0.0	0.0	0.0	0.0	0.0	0.0	0.0	0.0	0.0	0.0

Proportion explained	16
0.4895269762422828	0.4641422766943257	0.046330747063391506	0.0	0.0	0.0	0.0	0.0	0.0	0.0	0.0	0.0	0.0	0.0	0.0	0.0

Species	0	0

Site	16	16
TL1a_DTT_173_Repeat	-0.19554267153823665	0.05856407974855158	0.38656327815276187	-0.0	0.0	0.0	0.0	0.0	0.0	0.0	0.0	0.0	0.0	0.0	0.0	0.0
TL1a_FP_65	-1.6308078371206156	-0.7090289604193594	-0.08321017967701994	-0.0	-0.0	-0.0	-0.0	-0.0	-0.0	0.0	-0.0	-0.0	-0.0	0.0	-0.0	-0.0
TL1a_FP_209	0.39641735399638733	2.5854579029848597	-0.11061555629836914	-0.0	0.0	-0.0	-0.0	0.0	0.0	0.0	-0.0	-0.0	-0.0	-0.0	0.0	-0.0
TL1a_FP_77	-0.27168770916288537	-0.6833420517638785	-0.561353239270816	-0.0	0.0	0.0	-0.0	0.0	-0.0	-0.0	0.0	0.0	0.0	-0.0	-0.0	0.0
TL1a_FP_245	1.148028851847082	1.2760194142034582	-0.2833979113452834	-0.0	0.0	-0.0	0.0	-0.0	-0.0	0.0	-0.0	0.0	-0.0	0.0	-0.0	0.0
TL1a_FP_173	1.3456652895434644	0.4970044964146038	-0.3817472375196343	-0.0	-0.0	0.0	-0.0	-0.0	0.0	-0.0	0.0	0.0	-0.0	0.0	0.0	-0.0
TL1a_DTT_245_Repeat	-0.15386031659468447	0.603964692528931	0.18306873349187475	0.0	0.0	0.0	0.0	-0.0	0.0	-0.0	0.0	-0.0	-0.0	-0.0	-0.0	-0.0
TL1a_FP_143	0.4869886181769897	-1.3175577715825353	-0.5319083317647839	-0.0	-0.0	-0.0	-0.0	-0.0	0.0	-0.0	-0.0	-0.0	-0.0	-0.0	-0.0	0.0
TL1a_FP_101	2.316154225086854	-1.1243538725256874	0.6456347394836238	-0.0	0.0	-0.0	-0.0	0.0	0.0	0.0	0.0	0.0	-0.0	-0.0	-0.0	-0.0
TL1a_DTT_209	-1.7345483275741698	0.8452814831281752	0.1457607914131572	0.0	-0.0	0.0	0.0	0.0	0.0	0.0	0.0	-0.0	-0.0	-0.0	-0.0	-0.0
TL1a_DTT_65	-1.1155192498469213	-0.2705428914372384	0.1751668428956458	-0.0	-0.0	-0.0	0.0	0.0	-0.0	-0.0	-0.0	0.0	0.0	-0.0	0.0	-0.0
TL1a_DTT_77	-0.9650534857653859	-0.1676356402468103	0.11995863601980516	0.0	0.0	-0.0	-0.0	0.0	0.0	-0.0	0.0	0.0	-0.0	0.0	-0.0	0.0
TL1A_FP_641	0.2032215170502125	-0.05345843629007717	0.13882691138613293	0.0	-0.0	0.0	-0.0	-0.0	-0.0	0.0	-0.0	0.0	-0.0	-0.0	0.0	0.0
TL1A_FP_689	0.05438605618893045	0.4575920794120199	0.25072420719366084	0.0	-0.0	0.0	-0.0	0.0	-0.0	-0.0	0.0	-0.0	0.0	0.0	-0.0	-0.0
TL1A_DTT_641	0.146475902566064	-1.257809054439414	-0.10517410283161348	-0.0	0.0	-0.0	0.0	0.0	-0.0	0.0	0.0	-0.0	-0.0	-0.0	0.0	0.0
TL1A_DTT_689	-0.030318216853089122	-0.7401554697156021	0.011702418670856281	0.0	0.0	-0.0	-0.0	-0.0	-0.0	0.0	0.0	0.0	0.0	-0.0	-0.0	0.0

Biplot	0	0

Site constraints	0	0
