Eigvals	15
15.164129907519383	15.048926444279344	1.0971910616490628	0.0	0.0	0.0	0.0	0.0	0.0	0.0	0.0	0.0	0.0	0.0	0.0

Proportion explained	15
0.48431843119215884	0.4806390139803179	0.03504255482752327	0.0	0.0	0.0	0.0	0.0	0.0	0.0	0.0	0.0	0.0	0.0	0.0

Species	0	0

Site	15	15
TL1a_FP_88	1.3348414020977197	-0.6541525013850874	-0.24757624961361147	0.0	0.0	0.0	0.0	0.0	0.0	0.0	0.0	0.0	0.0	0.0	0.0
TL1a_DTT_268_Repeat	-0.46253446684990634	0.8479549546893251	0.22560541409246762	-0.0	0.0	-0.0	0.0	0.0	-0.0	0.0	0.0	-0.0	0.0	-0.0	0.0
TL1a_FP_130	-2.270184908929784	0.18864701028645153	-0.5376493188389418	-0.0	-0.0	0.0	0.0	-0.0	-0.0	-0.0	0.0	0.0	-0.0	-0.0	0.0
TL1a_DTT_130_Repeat	-0.48535413641847563	0.2357682143576109	0.07747795839504583	0.0	0.0	0.0	0.0	-0.0	0.0	0.0	0.0	0.0	0.0	0.0	0.0
TL1a_DTT_196_Repeat	0.8055193250107514	0.8001433374304704	0.11045927717876136	-0.0	-0.0	0.0	-0.0	-0.0	0.0	0.0	0.0	-0.0	-0.0	-0.0	-0.0
TL1a_FP_196	1.3469451742582474	-0.625886486059008	0.0914918328216864	-0.0	-0.0	0.0	0.0	0.0	-0.0	-0.0	0.0	0.0	-0.0	-0.0	-0.0
TL1a_DTT_88_Repeat	0.5665464353937304	-0.2893437549803375	-0.5739907179976858	-0.0	0.0	0.0	0.0	-0.0	-0.0	0.0	-0.0	-0.0	0.0	-0.0	-0.0
TL1a_FP_160	-1.0873966295353366	-1.516829682033057	0.3847198224459357	-0.0	-0.0	0.0	0.0	-0.0	0.0	-0.0	-0.0	-0.0	0.0	0.0	0.0
TL1a_FP_286	0.6585459018562995	0.14407196055760263	0.200436615382834	-0.0	0.0	-0.0	0.0	-0.0	0.0	-0.0	-0.0	0.0	-0.0	-0.0	0.0
TL1a_FP_232	-0.07523021369803191	1.0003178550840968	-0.0909820970175075	-0.0	-0.0	0.0	-0.0	-0.0	0.0	-0.0	0.0	0.0	0.0	-0.0	-0.0
TL1a_FP_268	-1.0386570012987661	-1.2193221062955217	0.3187322996725339	0.0	0.0	0.0	-0.0	-0.0	-0.0	0.0	-0.0	0.0	-0.0	-0.0	-0.0
TL1a_DTT_160	-0.0525100605581659	-1.4961439810454955	-0.1282477651606111	-0.0	0.0	-0.0	-0.0	0.0	-0.0	0.0	0.0	0.0	0.0	0.0	-0.0
TL1a_DTT_286	1.43572089329511	-0.017699555624491027	0.012022207589914296	-0.0	-0.0	-0.0	-0.0	-0.0	-0.0	-0.0	0.0	-0.0	-0.0	0.0	-0.0
TL1a_DTT_232	-0.3090360692126603	2.3644911595356266	0.1588903096051988	-0.0	-0.0	0.0	0.0	0.0	-0.0	0.0	-0.0	0.0	0.0	0.0	-0.0
TL1A_DTT_628	-0.36721564541073026	0.23798357548181318	-0.0013895885560225448	0.0	0.0	0.0	0.0	0.0	0.0	-0.0	0.0	-0.0	0.0	-0.0	-0.0

Biplot	0	0

Site constraints	0	0
