Eigvals	19
19.897066652935358	19.40245812742675	3.0961251073851392	0.0	0.0	0.0	0.0	0.0	0.0	0.0	0.0	0.0	0.0	0.0	0.0	0.0	0.0	0.0	0.0

Proportion explained	19
0.4693185906011032	0.4576520982411983	0.0730293111576985	0.0	0.0	0.0	0.0	0.0	0.0	0.0	0.0	0.0	0.0	0.0	0.0	0.0	0.0	0.0	0.0

Species	0	0

Site	19	19
BioGeo-Mouse9A_FP97_merged_R1_001.fastq_profiled_metagenome	0.9806396404779332	-1.0891479974352523	-0.08953848710218329	0.0	0.0	0.0	0.0	0.0	0.0	0.0	0.0	0.0	0.0	0.0	0.0	0.0	0.0	-0.0	0.0
BioGeo-Mouse9A_FP101_merged_R1_001.fastq_profiled_metagenome	-0.5903910883148586	-0.7337924147832208	0.014655778601879848	0.0	-0.0	-0.0	-0.0	0.0	-0.0	-0.0	0.0	-0.0	-0.0	0.0	0.0	-0.0	-0.0	-0.0	-0.0
BioGeo-Mouse8A_FP89_merged_R1_001.fastq_profiled_metagenome	0.12028823962611873	-0.49868674952101766	-0.56779079133015	0.0	-0.0	-0.0	-0.0	-0.0	0.0	0.0	0.0	0.0	0.0	-0.0	0.0	0.0	-0.0	0.0	0.0
BioGeo-Mouse8A_FP85_merged_R1_001.fastq_profiled_metagenome	0.9089816190613322	-1.5546920026042035	0.26356612834628834	-0.0	-0.0	-0.0	-0.0	0.0	0.0	0.0	-0.0	-0.0	-0.0	0.0	-0.0	0.0	0.0	0.0	-0.0
BioGeo-Mouse7A_FP41-REP1_S54_R1_001.fastq_profiled_metagenome	-0.6673079400947143	0.41548301009667027	0.33763409861152105	0.0	0.0	0.0	-0.0	0.0	0.0	0.0	-0.0	0.0	-0.0	0.0	0.0	0.0	-0.0	-0.0	-0.0
BioGeo-Mouse7A_FP37_merged_R1_001.fastq_profiled_metagenome	0.6135848663477947	0.9464370390088179	-0.4633076272696279	-0.0	0.0	-0.0	-0.0	0.0	0.0	0.0	0.0	0.0	-0.0	0.0	-0.0	-0.0	-0.0	-0.0	-0.0
BioGeo-Mouse6A_FP35-Rep1_S93_R1_001.fastq_profiled_metagenome	-0.6767394963911098	-0.7655193829462498	0.4364581531867704	0.0	-0.0	-0.0	0.0	-0.0	-0.0	0.0	-0.0	0.0	-0.0	0.0	-0.0	-0.0	-0.0	0.0	0.0
BioGeo-Mouse6A_FP31_merged_R1_001.fastq_profiled_metagenome	0.8475571300257592	-0.5036814429085008	-0.15334652578501215	0.0	-0.0	0.0	-0.0	-0.0	0.0	0.0	0.0	-0.0	0.0	0.0	-0.0	-0.0	0.0	0.0	-0.0
BioGeo-Mouse5A_FP29-REP1_S53_R1_001.fastq_profiled_metagenome	1.402637208472753	2.902925307940254	0.26914849924125833	-0.0	-0.0	-0.0	-0.0	-0.0	-0.0	-0.0	0.0	0.0	-0.0	-0.0	-0.0	0.0	0.0	-0.0	-0.0
BioGeo-Mouse5A_FP25_merged_R1_001.fastq_profiled_metagenome	0.2967019439590433	1.3979184927110946	-0.5635398738864753	-0.0	-0.0	0.0	-0.0	0.0	-0.0	-0.0	-0.0	-0.0	0.0	0.0	-0.0	0.0	-0.0	0.0	0.0
BioGeo-Mouse4A_FP23-Rep1_S92_R1_001.fastq_profiled_metagenome	-2.120430646479185	1.0271599104075213	0.12075927897076569	0.0	0.0	-0.0	-0.0	-0.0	-0.0	-0.0	0.0	-0.0	-0.0	-0.0	-0.0	-0.0	0.0	0.0	0.0
BioGeo-Mouse3A_FP17_merged_R1_001.fastq_profiled_metagenome	-0.840770589423601	0.31452937395998526	0.6655865397879063	-0.0	0.0	0.0	0.0	0.0	0.0	0.0	0.0	-0.0	0.0	-0.0	-0.0	0.0	-0.0	-0.0	-0.0
BioGeo-Mouse3A_FP13_merged_R1_001.fastq_profiled_metagenome	1.1021744452050541	-0.36417711146646725	0.02588657275130757	0.0	0.0	0.0	0.0	0.0	-0.0	-0.0	0.0	-0.0	-0.0	-0.0	-0.0	0.0	-0.0	0.0	-0.0
BioGeo-Mouse2A_FP11-REP1_S55_R1_001.fastq_profiled_metagenome	-1.1668059614902344	0.24713673897313557	-0.5105189639288306	0.0	-0.0	-0.0	-0.0	0.0	-0.0	0.0	-0.0	0.0	0.0	-0.0	-0.0	-0.0	0.0	-0.0	-0.0
BioGeo-Mouse2A_FP07_merged_R1_001.fastq_profiled_metagenome	1.0475390908500901	-0.5770988544282195	-0.28293461754324084	-0.0	-0.0	0.0	0.0	-0.0	-0.0	-0.0	0.0	0.0	-0.0	0.0	-0.0	-0.0	-0.0	0.0	-0.0
BioGeo-Mouse1A_FP05_merged_R1_001.fastq_profiled_metagenome	-1.2516539842918917	0.1327998247341249	0.2061462515328259	0.0	-0.0	0.0	0.0	-0.0	0.0	-0.0	-0.0	-0.0	-0.0	0.0	-0.0	0.0	0.0	-0.0	-0.0
BioGeo-Mouse1A_FP01_merged_R1_001.fastq_profiled_metagenome	0.5894525006394792	-0.4280874649473713	0.7563853672203126	-0.0	-0.0	0.0	-0.0	0.0	0.0	-0.0	-0.0	-0.0	-0.0	-0.0	-0.0	-0.0	-0.0	0.0	0.0
BioGeo-Mouse10A_FP113_merged_R1_001.fastq_profiled_metagenome	-1.4648905611304082	-0.915963122557763	-0.5801707256965767	-0.0	-0.0	0.0	-0.0	0.0	-0.0	0.0	0.0	-0.0	-0.0	-0.0	-0.0	0.0	0.0	-0.0	-0.0
BioGeo-Mouse10A_FP109_merged_R1_001.fastq_profiled_metagenome	0.8694335829506438	0.04645684576665861	0.1149209442912597	0.0	0.0	0.0	-0.0	-0.0	-0.0	0.0	-0.0	-0.0	0.0	0.0	-0.0	0.0	-0.0	0.0	-0.0

Biplot	0	0

Site constraints	0	0
