Eigvals	15
15.177265261913773	15.034128380292957	0.14554087787595754	0.0	0.0	0.0	0.0	0.0	0.0	0.0	0.0	0.0	0.0	0.0	0.0

Proportion explained	15
0.49996040449582363	0.49524527485959097	0.004794320644585332	0.0	0.0	0.0	0.0	0.0	0.0	0.0	0.0	0.0	0.0	0.0	0.0

Species	0	0

Site	15	15
TL1a_DTT_169_Re_extracted	2.9313911331474674	1.5101036196674598	-0.03383962431310802	-0.0	0.0	0.0	0.0	0.0	0.0	0.0	0.0	0.0	0.0	0.0	0.0
TL1a_FP_205	-0.3504271590319772	0.9321118510686927	0.11700028086209398	0.0	-0.0	-0.0	-0.0	0.0	0.0	0.0	0.0	0.0	0.0	-0.0	0.0
TL1a_DTT_139	-0.372394294556471	-0.46838034639274145	0.12946263026027072	-0.0	-0.0	0.0	0.0	-0.0	-0.0	-0.0	0.0	0.0	0.0	-0.0	0.0
TL1a_FP_73	-0.14108128688136395	-0.742865107896942	-0.0816353628464904	-0.0	0.0	0.0	0.0	0.0	0.0	0.0	-0.0	0.0	0.0	-0.0	-0.0
TL1a_FP_139	-0.2532269672262071	-0.6858546723081729	0.03709294696690082	-0.0	-0.0	0.0	-0.0	-0.0	-0.0	0.0	0.0	-0.0	0.0	0.0	0.0
TL1a_DTT_241	0.09942714636025701	1.3155171486867376	0.028366502539848192	0.0	-0.0	0.0	0.0	0.0	-0.0	0.0	-0.0	-0.0	0.0	0.0	-0.0
TL1a_DTT_205	-2.007044760695255	2.3128290505110565	-0.13662496560375792	-0.0	-0.0	0.0	-0.0	-0.0	0.0	-0.0	0.0	-0.0	-0.0	-0.0	0.0
TL1a_DTT_73	-0.224140882554437	-0.5143236967691449	0.07197062049465251	-0.0	-0.0	0.0	0.0	0.0	0.0	0.0	0.0	0.0	-0.0	0.0	0.0
TL1a_DTT_97	-0.44569982810516634	-0.6295307808096571	-0.060396791428465976	0.0	0.0	0.0	-0.0	-0.0	0.0	0.0	-0.0	-0.0	0.0	-0.0	0.0
TL1a_FP_169	-0.0010269762035390367	-0.29328021475694804	0.1594214110796853	-0.0	-0.0	0.0	0.0	0.0	0.0	-0.0	-0.0	-0.0	-0.0	-0.0	-0.0
TL1a_FP_61	-0.8208865368383031	-1.0378061017535511	-0.10789745184159895	-0.0	-0.0	-0.0	0.0	0.0	-0.0	0.0	-0.0	-0.0	0.0	0.0	0.0
TL1a_FP_241	-0.16346081393888148	0.4252633395243269	0.07214287392384088	-0.0	0.0	-0.0	-0.0	-0.0	-0.0	0.0	0.0	-0.0	-0.0	-0.0	-0.0
TL1a_FP_97	0.19013104080100757	-0.7277722970123432	0.046999782870114915	-0.0	-0.0	-0.0	-0.0	0.0	0.0	-0.0	-0.0	0.0	-0.0	0.0	-0.0
TL1A_FP_685	0.7617281368375682	-0.8633471446338999	-0.16484629369679626	0.0	-0.0	-0.0	0.0	-0.0	0.0	-0.0	0.0	0.0	0.0	0.0	-0.0
TL1A_FP_637	0.7967120488853002	-0.5326646471248742	-0.07721655926719027	0.0	-0.0	0.0	-0.0	0.0	-0.0	0.0	0.0	-0.0	-0.0	-0.0	-0.0

Biplot	0	0

Site constraints	0	0
